*vertices 1000
1 0 0.0 0.0 ellipse
2 1 0.0 0.0 ellipse
3 2 0.0 0.0 ellipse
4 3 0.0 0.0 ellipse
5 4 0.0 0.0 ellipse
6 5 0.0 0.0 ellipse
7 6 0.0 0.0 ellipse
8 7 0.0 0.0 ellipse
9 8 0.0 0.0 ellipse
10 9 0.0 0.0 ellipse
11 10 0.0 0.0 ellipse
12 11 0.0 0.0 ellipse
13 12 0.0 0.0 ellipse
14 13 0.0 0.0 ellipse
15 14 0.0 0.0 ellipse
16 15 0.0 0.0 ellipse
17 16 0.0 0.0 ellipse
18 17 0.0 0.0 ellipse
19 18 0.0 0.0 ellipse
20 19 0.0 0.0 ellipse
21 20 0.0 0.0 ellipse
22 21 0.0 0.0 ellipse
23 22 0.0 0.0 ellipse
24 23 0.0 0.0 ellipse
25 24 0.0 0.0 ellipse
26 25 0.0 0.0 ellipse
27 26 0.0 0.0 ellipse
28 27 0.0 0.0 ellipse
29 28 0.0 0.0 ellipse
30 29 0.0 0.0 ellipse
31 30 0.0 0.0 ellipse
32 31 0.0 0.0 ellipse
33 32 0.0 0.0 ellipse
34 33 0.0 0.0 ellipse
35 34 0.0 0.0 ellipse
36 35 0.0 0.0 ellipse
37 36 0.0 0.0 ellipse
38 37 0.0 0.0 ellipse
39 38 0.0 0.0 ellipse
40 39 0.0 0.0 ellipse
41 40 0.0 0.0 ellipse
42 41 0.0 0.0 ellipse
43 42 0.0 0.0 ellipse
44 43 0.0 0.0 ellipse
45 44 0.0 0.0 ellipse
46 45 0.0 0.0 ellipse
47 46 0.0 0.0 ellipse
48 47 0.0 0.0 ellipse
49 48 0.0 0.0 ellipse
50 49 0.0 0.0 ellipse
51 50 0.0 0.0 ellipse
52 51 0.0 0.0 ellipse
53 52 0.0 0.0 ellipse
54 53 0.0 0.0 ellipse
55 54 0.0 0.0 ellipse
56 55 0.0 0.0 ellipse
57 56 0.0 0.0 ellipse
58 57 0.0 0.0 ellipse
59 58 0.0 0.0 ellipse
60 59 0.0 0.0 ellipse
61 60 0.0 0.0 ellipse
62 61 0.0 0.0 ellipse
63 62 0.0 0.0 ellipse
64 63 0.0 0.0 ellipse
65 64 0.0 0.0 ellipse
66 65 0.0 0.0 ellipse
67 66 0.0 0.0 ellipse
68 67 0.0 0.0 ellipse
69 68 0.0 0.0 ellipse
70 69 0.0 0.0 ellipse
71 70 0.0 0.0 ellipse
72 71 0.0 0.0 ellipse
73 72 0.0 0.0 ellipse
74 73 0.0 0.0 ellipse
75 74 0.0 0.0 ellipse
76 75 0.0 0.0 ellipse
77 76 0.0 0.0 ellipse
78 77 0.0 0.0 ellipse
79 78 0.0 0.0 ellipse
80 79 0.0 0.0 ellipse
81 80 0.0 0.0 ellipse
82 81 0.0 0.0 ellipse
83 82 0.0 0.0 ellipse
84 83 0.0 0.0 ellipse
85 84 0.0 0.0 ellipse
86 85 0.0 0.0 ellipse
87 86 0.0 0.0 ellipse
88 87 0.0 0.0 ellipse
89 88 0.0 0.0 ellipse
90 89 0.0 0.0 ellipse
91 90 0.0 0.0 ellipse
92 91 0.0 0.0 ellipse
93 92 0.0 0.0 ellipse
94 93 0.0 0.0 ellipse
95 94 0.0 0.0 ellipse
96 95 0.0 0.0 ellipse
97 96 0.0 0.0 ellipse
98 97 0.0 0.0 ellipse
99 98 0.0 0.0 ellipse
100 99 0.0 0.0 ellipse
101 100 0.0 0.0 ellipse
102 101 0.0 0.0 ellipse
103 102 0.0 0.0 ellipse
104 103 0.0 0.0 ellipse
105 104 0.0 0.0 ellipse
106 105 0.0 0.0 ellipse
107 106 0.0 0.0 ellipse
108 107 0.0 0.0 ellipse
109 108 0.0 0.0 ellipse
110 109 0.0 0.0 ellipse
111 110 0.0 0.0 ellipse
112 111 0.0 0.0 ellipse
113 112 0.0 0.0 ellipse
114 113 0.0 0.0 ellipse
115 114 0.0 0.0 ellipse
116 115 0.0 0.0 ellipse
117 116 0.0 0.0 ellipse
118 117 0.0 0.0 ellipse
119 118 0.0 0.0 ellipse
120 119 0.0 0.0 ellipse
121 120 0.0 0.0 ellipse
122 121 0.0 0.0 ellipse
123 122 0.0 0.0 ellipse
124 123 0.0 0.0 ellipse
125 124 0.0 0.0 ellipse
126 125 0.0 0.0 ellipse
127 126 0.0 0.0 ellipse
128 127 0.0 0.0 ellipse
129 128 0.0 0.0 ellipse
130 129 0.0 0.0 ellipse
131 130 0.0 0.0 ellipse
132 131 0.0 0.0 ellipse
133 132 0.0 0.0 ellipse
134 133 0.0 0.0 ellipse
135 134 0.0 0.0 ellipse
136 135 0.0 0.0 ellipse
137 136 0.0 0.0 ellipse
138 137 0.0 0.0 ellipse
139 138 0.0 0.0 ellipse
140 139 0.0 0.0 ellipse
141 140 0.0 0.0 ellipse
142 141 0.0 0.0 ellipse
143 142 0.0 0.0 ellipse
144 143 0.0 0.0 ellipse
145 144 0.0 0.0 ellipse
146 145 0.0 0.0 ellipse
147 146 0.0 0.0 ellipse
148 147 0.0 0.0 ellipse
149 148 0.0 0.0 ellipse
150 149 0.0 0.0 ellipse
151 150 0.0 0.0 ellipse
152 151 0.0 0.0 ellipse
153 152 0.0 0.0 ellipse
154 153 0.0 0.0 ellipse
155 154 0.0 0.0 ellipse
156 155 0.0 0.0 ellipse
157 156 0.0 0.0 ellipse
158 157 0.0 0.0 ellipse
159 158 0.0 0.0 ellipse
160 159 0.0 0.0 ellipse
161 160 0.0 0.0 ellipse
162 161 0.0 0.0 ellipse
163 162 0.0 0.0 ellipse
164 163 0.0 0.0 ellipse
165 164 0.0 0.0 ellipse
166 165 0.0 0.0 ellipse
167 166 0.0 0.0 ellipse
168 167 0.0 0.0 ellipse
169 168 0.0 0.0 ellipse
170 169 0.0 0.0 ellipse
171 170 0.0 0.0 ellipse
172 171 0.0 0.0 ellipse
173 172 0.0 0.0 ellipse
174 173 0.0 0.0 ellipse
175 174 0.0 0.0 ellipse
176 175 0.0 0.0 ellipse
177 176 0.0 0.0 ellipse
178 177 0.0 0.0 ellipse
179 178 0.0 0.0 ellipse
180 179 0.0 0.0 ellipse
181 180 0.0 0.0 ellipse
182 181 0.0 0.0 ellipse
183 182 0.0 0.0 ellipse
184 183 0.0 0.0 ellipse
185 184 0.0 0.0 ellipse
186 185 0.0 0.0 ellipse
187 186 0.0 0.0 ellipse
188 187 0.0 0.0 ellipse
189 188 0.0 0.0 ellipse
190 189 0.0 0.0 ellipse
191 190 0.0 0.0 ellipse
192 191 0.0 0.0 ellipse
193 192 0.0 0.0 ellipse
194 193 0.0 0.0 ellipse
195 194 0.0 0.0 ellipse
196 195 0.0 0.0 ellipse
197 196 0.0 0.0 ellipse
198 197 0.0 0.0 ellipse
199 198 0.0 0.0 ellipse
200 199 0.0 0.0 ellipse
201 200 0.0 0.0 ellipse
202 201 0.0 0.0 ellipse
203 202 0.0 0.0 ellipse
204 203 0.0 0.0 ellipse
205 204 0.0 0.0 ellipse
206 205 0.0 0.0 ellipse
207 206 0.0 0.0 ellipse
208 207 0.0 0.0 ellipse
209 208 0.0 0.0 ellipse
210 209 0.0 0.0 ellipse
211 210 0.0 0.0 ellipse
212 211 0.0 0.0 ellipse
213 212 0.0 0.0 ellipse
214 213 0.0 0.0 ellipse
215 214 0.0 0.0 ellipse
216 215 0.0 0.0 ellipse
217 216 0.0 0.0 ellipse
218 217 0.0 0.0 ellipse
219 218 0.0 0.0 ellipse
220 219 0.0 0.0 ellipse
221 220 0.0 0.0 ellipse
222 221 0.0 0.0 ellipse
223 222 0.0 0.0 ellipse
224 223 0.0 0.0 ellipse
225 224 0.0 0.0 ellipse
226 225 0.0 0.0 ellipse
227 226 0.0 0.0 ellipse
228 227 0.0 0.0 ellipse
229 228 0.0 0.0 ellipse
230 229 0.0 0.0 ellipse
231 230 0.0 0.0 ellipse
232 231 0.0 0.0 ellipse
233 232 0.0 0.0 ellipse
234 233 0.0 0.0 ellipse
235 234 0.0 0.0 ellipse
236 235 0.0 0.0 ellipse
237 236 0.0 0.0 ellipse
238 237 0.0 0.0 ellipse
239 238 0.0 0.0 ellipse
240 239 0.0 0.0 ellipse
241 240 0.0 0.0 ellipse
242 241 0.0 0.0 ellipse
243 242 0.0 0.0 ellipse
244 243 0.0 0.0 ellipse
245 244 0.0 0.0 ellipse
246 245 0.0 0.0 ellipse
247 246 0.0 0.0 ellipse
248 247 0.0 0.0 ellipse
249 248 0.0 0.0 ellipse
250 249 0.0 0.0 ellipse
251 250 0.0 0.0 ellipse
252 251 0.0 0.0 ellipse
253 252 0.0 0.0 ellipse
254 253 0.0 0.0 ellipse
255 254 0.0 0.0 ellipse
256 255 0.0 0.0 ellipse
257 256 0.0 0.0 ellipse
258 257 0.0 0.0 ellipse
259 258 0.0 0.0 ellipse
260 259 0.0 0.0 ellipse
261 260 0.0 0.0 ellipse
262 261 0.0 0.0 ellipse
263 262 0.0 0.0 ellipse
264 263 0.0 0.0 ellipse
265 264 0.0 0.0 ellipse
266 265 0.0 0.0 ellipse
267 266 0.0 0.0 ellipse
268 267 0.0 0.0 ellipse
269 268 0.0 0.0 ellipse
270 269 0.0 0.0 ellipse
271 270 0.0 0.0 ellipse
272 271 0.0 0.0 ellipse
273 272 0.0 0.0 ellipse
274 273 0.0 0.0 ellipse
275 274 0.0 0.0 ellipse
276 275 0.0 0.0 ellipse
277 276 0.0 0.0 ellipse
278 277 0.0 0.0 ellipse
279 278 0.0 0.0 ellipse
280 279 0.0 0.0 ellipse
281 280 0.0 0.0 ellipse
282 281 0.0 0.0 ellipse
283 282 0.0 0.0 ellipse
284 283 0.0 0.0 ellipse
285 284 0.0 0.0 ellipse
286 285 0.0 0.0 ellipse
287 286 0.0 0.0 ellipse
288 287 0.0 0.0 ellipse
289 288 0.0 0.0 ellipse
290 289 0.0 0.0 ellipse
291 290 0.0 0.0 ellipse
292 291 0.0 0.0 ellipse
293 292 0.0 0.0 ellipse
294 293 0.0 0.0 ellipse
295 294 0.0 0.0 ellipse
296 295 0.0 0.0 ellipse
297 296 0.0 0.0 ellipse
298 297 0.0 0.0 ellipse
299 298 0.0 0.0 ellipse
300 299 0.0 0.0 ellipse
301 300 0.0 0.0 ellipse
302 301 0.0 0.0 ellipse
303 302 0.0 0.0 ellipse
304 303 0.0 0.0 ellipse
305 304 0.0 0.0 ellipse
306 305 0.0 0.0 ellipse
307 306 0.0 0.0 ellipse
308 307 0.0 0.0 ellipse
309 308 0.0 0.0 ellipse
310 309 0.0 0.0 ellipse
311 310 0.0 0.0 ellipse
312 311 0.0 0.0 ellipse
313 312 0.0 0.0 ellipse
314 313 0.0 0.0 ellipse
315 314 0.0 0.0 ellipse
316 315 0.0 0.0 ellipse
317 316 0.0 0.0 ellipse
318 317 0.0 0.0 ellipse
319 318 0.0 0.0 ellipse
320 319 0.0 0.0 ellipse
321 320 0.0 0.0 ellipse
322 321 0.0 0.0 ellipse
323 322 0.0 0.0 ellipse
324 323 0.0 0.0 ellipse
325 324 0.0 0.0 ellipse
326 325 0.0 0.0 ellipse
327 326 0.0 0.0 ellipse
328 327 0.0 0.0 ellipse
329 328 0.0 0.0 ellipse
330 329 0.0 0.0 ellipse
331 330 0.0 0.0 ellipse
332 331 0.0 0.0 ellipse
333 332 0.0 0.0 ellipse
334 333 0.0 0.0 ellipse
335 334 0.0 0.0 ellipse
336 335 0.0 0.0 ellipse
337 336 0.0 0.0 ellipse
338 337 0.0 0.0 ellipse
339 338 0.0 0.0 ellipse
340 339 0.0 0.0 ellipse
341 340 0.0 0.0 ellipse
342 341 0.0 0.0 ellipse
343 342 0.0 0.0 ellipse
344 343 0.0 0.0 ellipse
345 344 0.0 0.0 ellipse
346 345 0.0 0.0 ellipse
347 346 0.0 0.0 ellipse
348 347 0.0 0.0 ellipse
349 348 0.0 0.0 ellipse
350 349 0.0 0.0 ellipse
351 350 0.0 0.0 ellipse
352 351 0.0 0.0 ellipse
353 352 0.0 0.0 ellipse
354 353 0.0 0.0 ellipse
355 354 0.0 0.0 ellipse
356 355 0.0 0.0 ellipse
357 356 0.0 0.0 ellipse
358 357 0.0 0.0 ellipse
359 358 0.0 0.0 ellipse
360 359 0.0 0.0 ellipse
361 360 0.0 0.0 ellipse
362 361 0.0 0.0 ellipse
363 362 0.0 0.0 ellipse
364 363 0.0 0.0 ellipse
365 364 0.0 0.0 ellipse
366 365 0.0 0.0 ellipse
367 366 0.0 0.0 ellipse
368 367 0.0 0.0 ellipse
369 368 0.0 0.0 ellipse
370 369 0.0 0.0 ellipse
371 370 0.0 0.0 ellipse
372 371 0.0 0.0 ellipse
373 372 0.0 0.0 ellipse
374 373 0.0 0.0 ellipse
375 374 0.0 0.0 ellipse
376 375 0.0 0.0 ellipse
377 376 0.0 0.0 ellipse
378 377 0.0 0.0 ellipse
379 378 0.0 0.0 ellipse
380 379 0.0 0.0 ellipse
381 380 0.0 0.0 ellipse
382 381 0.0 0.0 ellipse
383 382 0.0 0.0 ellipse
384 383 0.0 0.0 ellipse
385 384 0.0 0.0 ellipse
386 385 0.0 0.0 ellipse
387 386 0.0 0.0 ellipse
388 387 0.0 0.0 ellipse
389 388 0.0 0.0 ellipse
390 389 0.0 0.0 ellipse
391 390 0.0 0.0 ellipse
392 391 0.0 0.0 ellipse
393 392 0.0 0.0 ellipse
394 393 0.0 0.0 ellipse
395 394 0.0 0.0 ellipse
396 395 0.0 0.0 ellipse
397 396 0.0 0.0 ellipse
398 397 0.0 0.0 ellipse
399 398 0.0 0.0 ellipse
400 399 0.0 0.0 ellipse
401 400 0.0 0.0 ellipse
402 401 0.0 0.0 ellipse
403 402 0.0 0.0 ellipse
404 403 0.0 0.0 ellipse
405 404 0.0 0.0 ellipse
406 405 0.0 0.0 ellipse
407 406 0.0 0.0 ellipse
408 407 0.0 0.0 ellipse
409 408 0.0 0.0 ellipse
410 409 0.0 0.0 ellipse
411 410 0.0 0.0 ellipse
412 411 0.0 0.0 ellipse
413 412 0.0 0.0 ellipse
414 413 0.0 0.0 ellipse
415 414 0.0 0.0 ellipse
416 415 0.0 0.0 ellipse
417 416 0.0 0.0 ellipse
418 417 0.0 0.0 ellipse
419 418 0.0 0.0 ellipse
420 419 0.0 0.0 ellipse
421 420 0.0 0.0 ellipse
422 421 0.0 0.0 ellipse
423 422 0.0 0.0 ellipse
424 423 0.0 0.0 ellipse
425 424 0.0 0.0 ellipse
426 425 0.0 0.0 ellipse
427 426 0.0 0.0 ellipse
428 427 0.0 0.0 ellipse
429 428 0.0 0.0 ellipse
430 429 0.0 0.0 ellipse
431 430 0.0 0.0 ellipse
432 431 0.0 0.0 ellipse
433 432 0.0 0.0 ellipse
434 433 0.0 0.0 ellipse
435 434 0.0 0.0 ellipse
436 435 0.0 0.0 ellipse
437 436 0.0 0.0 ellipse
438 437 0.0 0.0 ellipse
439 438 0.0 0.0 ellipse
440 439 0.0 0.0 ellipse
441 440 0.0 0.0 ellipse
442 441 0.0 0.0 ellipse
443 442 0.0 0.0 ellipse
444 443 0.0 0.0 ellipse
445 444 0.0 0.0 ellipse
446 445 0.0 0.0 ellipse
447 446 0.0 0.0 ellipse
448 447 0.0 0.0 ellipse
449 448 0.0 0.0 ellipse
450 449 0.0 0.0 ellipse
451 450 0.0 0.0 ellipse
452 451 0.0 0.0 ellipse
453 452 0.0 0.0 ellipse
454 453 0.0 0.0 ellipse
455 454 0.0 0.0 ellipse
456 455 0.0 0.0 ellipse
457 456 0.0 0.0 ellipse
458 457 0.0 0.0 ellipse
459 458 0.0 0.0 ellipse
460 459 0.0 0.0 ellipse
461 460 0.0 0.0 ellipse
462 461 0.0 0.0 ellipse
463 462 0.0 0.0 ellipse
464 463 0.0 0.0 ellipse
465 464 0.0 0.0 ellipse
466 465 0.0 0.0 ellipse
467 466 0.0 0.0 ellipse
468 467 0.0 0.0 ellipse
469 468 0.0 0.0 ellipse
470 469 0.0 0.0 ellipse
471 470 0.0 0.0 ellipse
472 471 0.0 0.0 ellipse
473 472 0.0 0.0 ellipse
474 473 0.0 0.0 ellipse
475 474 0.0 0.0 ellipse
476 475 0.0 0.0 ellipse
477 476 0.0 0.0 ellipse
478 477 0.0 0.0 ellipse
479 478 0.0 0.0 ellipse
480 479 0.0 0.0 ellipse
481 480 0.0 0.0 ellipse
482 481 0.0 0.0 ellipse
483 482 0.0 0.0 ellipse
484 483 0.0 0.0 ellipse
485 484 0.0 0.0 ellipse
486 485 0.0 0.0 ellipse
487 486 0.0 0.0 ellipse
488 487 0.0 0.0 ellipse
489 488 0.0 0.0 ellipse
490 489 0.0 0.0 ellipse
491 490 0.0 0.0 ellipse
492 491 0.0 0.0 ellipse
493 492 0.0 0.0 ellipse
494 493 0.0 0.0 ellipse
495 494 0.0 0.0 ellipse
496 495 0.0 0.0 ellipse
497 496 0.0 0.0 ellipse
498 497 0.0 0.0 ellipse
499 498 0.0 0.0 ellipse
500 499 0.0 0.0 ellipse
501 500 0.0 0.0 ellipse
502 501 0.0 0.0 ellipse
503 502 0.0 0.0 ellipse
504 503 0.0 0.0 ellipse
505 504 0.0 0.0 ellipse
506 505 0.0 0.0 ellipse
507 506 0.0 0.0 ellipse
508 507 0.0 0.0 ellipse
509 508 0.0 0.0 ellipse
510 509 0.0 0.0 ellipse
511 510 0.0 0.0 ellipse
512 511 0.0 0.0 ellipse
513 512 0.0 0.0 ellipse
514 513 0.0 0.0 ellipse
515 514 0.0 0.0 ellipse
516 515 0.0 0.0 ellipse
517 516 0.0 0.0 ellipse
518 517 0.0 0.0 ellipse
519 518 0.0 0.0 ellipse
520 519 0.0 0.0 ellipse
521 520 0.0 0.0 ellipse
522 521 0.0 0.0 ellipse
523 522 0.0 0.0 ellipse
524 523 0.0 0.0 ellipse
525 524 0.0 0.0 ellipse
526 525 0.0 0.0 ellipse
527 526 0.0 0.0 ellipse
528 527 0.0 0.0 ellipse
529 528 0.0 0.0 ellipse
530 529 0.0 0.0 ellipse
531 530 0.0 0.0 ellipse
532 531 0.0 0.0 ellipse
533 532 0.0 0.0 ellipse
534 533 0.0 0.0 ellipse
535 534 0.0 0.0 ellipse
536 535 0.0 0.0 ellipse
537 536 0.0 0.0 ellipse
538 537 0.0 0.0 ellipse
539 538 0.0 0.0 ellipse
540 539 0.0 0.0 ellipse
541 540 0.0 0.0 ellipse
542 541 0.0 0.0 ellipse
543 542 0.0 0.0 ellipse
544 543 0.0 0.0 ellipse
545 544 0.0 0.0 ellipse
546 545 0.0 0.0 ellipse
547 546 0.0 0.0 ellipse
548 547 0.0 0.0 ellipse
549 548 0.0 0.0 ellipse
550 549 0.0 0.0 ellipse
551 550 0.0 0.0 ellipse
552 551 0.0 0.0 ellipse
553 552 0.0 0.0 ellipse
554 553 0.0 0.0 ellipse
555 554 0.0 0.0 ellipse
556 555 0.0 0.0 ellipse
557 556 0.0 0.0 ellipse
558 557 0.0 0.0 ellipse
559 558 0.0 0.0 ellipse
560 559 0.0 0.0 ellipse
561 560 0.0 0.0 ellipse
562 561 0.0 0.0 ellipse
563 562 0.0 0.0 ellipse
564 563 0.0 0.0 ellipse
565 564 0.0 0.0 ellipse
566 565 0.0 0.0 ellipse
567 566 0.0 0.0 ellipse
568 567 0.0 0.0 ellipse
569 568 0.0 0.0 ellipse
570 569 0.0 0.0 ellipse
571 570 0.0 0.0 ellipse
572 571 0.0 0.0 ellipse
573 572 0.0 0.0 ellipse
574 573 0.0 0.0 ellipse
575 574 0.0 0.0 ellipse
576 575 0.0 0.0 ellipse
577 576 0.0 0.0 ellipse
578 577 0.0 0.0 ellipse
579 578 0.0 0.0 ellipse
580 579 0.0 0.0 ellipse
581 580 0.0 0.0 ellipse
582 581 0.0 0.0 ellipse
583 582 0.0 0.0 ellipse
584 583 0.0 0.0 ellipse
585 584 0.0 0.0 ellipse
586 585 0.0 0.0 ellipse
587 586 0.0 0.0 ellipse
588 587 0.0 0.0 ellipse
589 588 0.0 0.0 ellipse
590 589 0.0 0.0 ellipse
591 590 0.0 0.0 ellipse
592 591 0.0 0.0 ellipse
593 592 0.0 0.0 ellipse
594 593 0.0 0.0 ellipse
595 594 0.0 0.0 ellipse
596 595 0.0 0.0 ellipse
597 596 0.0 0.0 ellipse
598 597 0.0 0.0 ellipse
599 598 0.0 0.0 ellipse
600 599 0.0 0.0 ellipse
601 600 0.0 0.0 ellipse
602 601 0.0 0.0 ellipse
603 602 0.0 0.0 ellipse
604 603 0.0 0.0 ellipse
605 604 0.0 0.0 ellipse
606 605 0.0 0.0 ellipse
607 606 0.0 0.0 ellipse
608 607 0.0 0.0 ellipse
609 608 0.0 0.0 ellipse
610 609 0.0 0.0 ellipse
611 610 0.0 0.0 ellipse
612 611 0.0 0.0 ellipse
613 612 0.0 0.0 ellipse
614 613 0.0 0.0 ellipse
615 614 0.0 0.0 ellipse
616 615 0.0 0.0 ellipse
617 616 0.0 0.0 ellipse
618 617 0.0 0.0 ellipse
619 618 0.0 0.0 ellipse
620 619 0.0 0.0 ellipse
621 620 0.0 0.0 ellipse
622 621 0.0 0.0 ellipse
623 622 0.0 0.0 ellipse
624 623 0.0 0.0 ellipse
625 624 0.0 0.0 ellipse
626 625 0.0 0.0 ellipse
627 626 0.0 0.0 ellipse
628 627 0.0 0.0 ellipse
629 628 0.0 0.0 ellipse
630 629 0.0 0.0 ellipse
631 630 0.0 0.0 ellipse
632 631 0.0 0.0 ellipse
633 632 0.0 0.0 ellipse
634 633 0.0 0.0 ellipse
635 634 0.0 0.0 ellipse
636 635 0.0 0.0 ellipse
637 636 0.0 0.0 ellipse
638 637 0.0 0.0 ellipse
639 638 0.0 0.0 ellipse
640 639 0.0 0.0 ellipse
641 640 0.0 0.0 ellipse
642 641 0.0 0.0 ellipse
643 642 0.0 0.0 ellipse
644 643 0.0 0.0 ellipse
645 644 0.0 0.0 ellipse
646 645 0.0 0.0 ellipse
647 646 0.0 0.0 ellipse
648 647 0.0 0.0 ellipse
649 648 0.0 0.0 ellipse
650 649 0.0 0.0 ellipse
651 650 0.0 0.0 ellipse
652 651 0.0 0.0 ellipse
653 652 0.0 0.0 ellipse
654 653 0.0 0.0 ellipse
655 654 0.0 0.0 ellipse
656 655 0.0 0.0 ellipse
657 656 0.0 0.0 ellipse
658 657 0.0 0.0 ellipse
659 658 0.0 0.0 ellipse
660 659 0.0 0.0 ellipse
661 660 0.0 0.0 ellipse
662 661 0.0 0.0 ellipse
663 662 0.0 0.0 ellipse
664 663 0.0 0.0 ellipse
665 664 0.0 0.0 ellipse
666 665 0.0 0.0 ellipse
667 666 0.0 0.0 ellipse
668 667 0.0 0.0 ellipse
669 668 0.0 0.0 ellipse
670 669 0.0 0.0 ellipse
671 670 0.0 0.0 ellipse
672 671 0.0 0.0 ellipse
673 672 0.0 0.0 ellipse
674 673 0.0 0.0 ellipse
675 674 0.0 0.0 ellipse
676 675 0.0 0.0 ellipse
677 676 0.0 0.0 ellipse
678 677 0.0 0.0 ellipse
679 678 0.0 0.0 ellipse
680 679 0.0 0.0 ellipse
681 680 0.0 0.0 ellipse
682 681 0.0 0.0 ellipse
683 682 0.0 0.0 ellipse
684 683 0.0 0.0 ellipse
685 684 0.0 0.0 ellipse
686 685 0.0 0.0 ellipse
687 686 0.0 0.0 ellipse
688 687 0.0 0.0 ellipse
689 688 0.0 0.0 ellipse
690 689 0.0 0.0 ellipse
691 690 0.0 0.0 ellipse
692 691 0.0 0.0 ellipse
693 692 0.0 0.0 ellipse
694 693 0.0 0.0 ellipse
695 694 0.0 0.0 ellipse
696 695 0.0 0.0 ellipse
697 696 0.0 0.0 ellipse
698 697 0.0 0.0 ellipse
699 698 0.0 0.0 ellipse
700 699 0.0 0.0 ellipse
701 700 0.0 0.0 ellipse
702 701 0.0 0.0 ellipse
703 702 0.0 0.0 ellipse
704 703 0.0 0.0 ellipse
705 704 0.0 0.0 ellipse
706 705 0.0 0.0 ellipse
707 706 0.0 0.0 ellipse
708 707 0.0 0.0 ellipse
709 708 0.0 0.0 ellipse
710 709 0.0 0.0 ellipse
711 710 0.0 0.0 ellipse
712 711 0.0 0.0 ellipse
713 712 0.0 0.0 ellipse
714 713 0.0 0.0 ellipse
715 714 0.0 0.0 ellipse
716 715 0.0 0.0 ellipse
717 716 0.0 0.0 ellipse
718 717 0.0 0.0 ellipse
719 718 0.0 0.0 ellipse
720 719 0.0 0.0 ellipse
721 720 0.0 0.0 ellipse
722 721 0.0 0.0 ellipse
723 722 0.0 0.0 ellipse
724 723 0.0 0.0 ellipse
725 724 0.0 0.0 ellipse
726 725 0.0 0.0 ellipse
727 726 0.0 0.0 ellipse
728 727 0.0 0.0 ellipse
729 728 0.0 0.0 ellipse
730 729 0.0 0.0 ellipse
731 730 0.0 0.0 ellipse
732 731 0.0 0.0 ellipse
733 732 0.0 0.0 ellipse
734 733 0.0 0.0 ellipse
735 734 0.0 0.0 ellipse
736 735 0.0 0.0 ellipse
737 736 0.0 0.0 ellipse
738 737 0.0 0.0 ellipse
739 738 0.0 0.0 ellipse
740 739 0.0 0.0 ellipse
741 740 0.0 0.0 ellipse
742 741 0.0 0.0 ellipse
743 742 0.0 0.0 ellipse
744 743 0.0 0.0 ellipse
745 744 0.0 0.0 ellipse
746 745 0.0 0.0 ellipse
747 746 0.0 0.0 ellipse
748 747 0.0 0.0 ellipse
749 748 0.0 0.0 ellipse
750 749 0.0 0.0 ellipse
751 750 0.0 0.0 ellipse
752 751 0.0 0.0 ellipse
753 752 0.0 0.0 ellipse
754 753 0.0 0.0 ellipse
755 754 0.0 0.0 ellipse
756 755 0.0 0.0 ellipse
757 756 0.0 0.0 ellipse
758 757 0.0 0.0 ellipse
759 758 0.0 0.0 ellipse
760 759 0.0 0.0 ellipse
761 760 0.0 0.0 ellipse
762 761 0.0 0.0 ellipse
763 762 0.0 0.0 ellipse
764 763 0.0 0.0 ellipse
765 764 0.0 0.0 ellipse
766 765 0.0 0.0 ellipse
767 766 0.0 0.0 ellipse
768 767 0.0 0.0 ellipse
769 768 0.0 0.0 ellipse
770 769 0.0 0.0 ellipse
771 770 0.0 0.0 ellipse
772 771 0.0 0.0 ellipse
773 772 0.0 0.0 ellipse
774 773 0.0 0.0 ellipse
775 774 0.0 0.0 ellipse
776 775 0.0 0.0 ellipse
777 776 0.0 0.0 ellipse
778 777 0.0 0.0 ellipse
779 778 0.0 0.0 ellipse
780 779 0.0 0.0 ellipse
781 780 0.0 0.0 ellipse
782 781 0.0 0.0 ellipse
783 782 0.0 0.0 ellipse
784 783 0.0 0.0 ellipse
785 784 0.0 0.0 ellipse
786 785 0.0 0.0 ellipse
787 786 0.0 0.0 ellipse
788 787 0.0 0.0 ellipse
789 788 0.0 0.0 ellipse
790 789 0.0 0.0 ellipse
791 790 0.0 0.0 ellipse
792 791 0.0 0.0 ellipse
793 792 0.0 0.0 ellipse
794 793 0.0 0.0 ellipse
795 794 0.0 0.0 ellipse
796 795 0.0 0.0 ellipse
797 796 0.0 0.0 ellipse
798 797 0.0 0.0 ellipse
799 798 0.0 0.0 ellipse
800 799 0.0 0.0 ellipse
801 800 0.0 0.0 ellipse
802 801 0.0 0.0 ellipse
803 802 0.0 0.0 ellipse
804 803 0.0 0.0 ellipse
805 804 0.0 0.0 ellipse
806 805 0.0 0.0 ellipse
807 806 0.0 0.0 ellipse
808 807 0.0 0.0 ellipse
809 808 0.0 0.0 ellipse
810 809 0.0 0.0 ellipse
811 810 0.0 0.0 ellipse
812 811 0.0 0.0 ellipse
813 812 0.0 0.0 ellipse
814 813 0.0 0.0 ellipse
815 814 0.0 0.0 ellipse
816 815 0.0 0.0 ellipse
817 816 0.0 0.0 ellipse
818 817 0.0 0.0 ellipse
819 818 0.0 0.0 ellipse
820 819 0.0 0.0 ellipse
821 820 0.0 0.0 ellipse
822 821 0.0 0.0 ellipse
823 822 0.0 0.0 ellipse
824 823 0.0 0.0 ellipse
825 824 0.0 0.0 ellipse
826 825 0.0 0.0 ellipse
827 826 0.0 0.0 ellipse
828 827 0.0 0.0 ellipse
829 828 0.0 0.0 ellipse
830 829 0.0 0.0 ellipse
831 830 0.0 0.0 ellipse
832 831 0.0 0.0 ellipse
833 832 0.0 0.0 ellipse
834 833 0.0 0.0 ellipse
835 834 0.0 0.0 ellipse
836 835 0.0 0.0 ellipse
837 836 0.0 0.0 ellipse
838 837 0.0 0.0 ellipse
839 838 0.0 0.0 ellipse
840 839 0.0 0.0 ellipse
841 840 0.0 0.0 ellipse
842 841 0.0 0.0 ellipse
843 842 0.0 0.0 ellipse
844 843 0.0 0.0 ellipse
845 844 0.0 0.0 ellipse
846 845 0.0 0.0 ellipse
847 846 0.0 0.0 ellipse
848 847 0.0 0.0 ellipse
849 848 0.0 0.0 ellipse
850 849 0.0 0.0 ellipse
851 850 0.0 0.0 ellipse
852 851 0.0 0.0 ellipse
853 852 0.0 0.0 ellipse
854 853 0.0 0.0 ellipse
855 854 0.0 0.0 ellipse
856 855 0.0 0.0 ellipse
857 856 0.0 0.0 ellipse
858 857 0.0 0.0 ellipse
859 858 0.0 0.0 ellipse
860 859 0.0 0.0 ellipse
861 860 0.0 0.0 ellipse
862 861 0.0 0.0 ellipse
863 862 0.0 0.0 ellipse
864 863 0.0 0.0 ellipse
865 864 0.0 0.0 ellipse
866 865 0.0 0.0 ellipse
867 866 0.0 0.0 ellipse
868 867 0.0 0.0 ellipse
869 868 0.0 0.0 ellipse
870 869 0.0 0.0 ellipse
871 870 0.0 0.0 ellipse
872 871 0.0 0.0 ellipse
873 872 0.0 0.0 ellipse
874 873 0.0 0.0 ellipse
875 874 0.0 0.0 ellipse
876 875 0.0 0.0 ellipse
877 876 0.0 0.0 ellipse
878 877 0.0 0.0 ellipse
879 878 0.0 0.0 ellipse
880 879 0.0 0.0 ellipse
881 880 0.0 0.0 ellipse
882 881 0.0 0.0 ellipse
883 882 0.0 0.0 ellipse
884 883 0.0 0.0 ellipse
885 884 0.0 0.0 ellipse
886 885 0.0 0.0 ellipse
887 886 0.0 0.0 ellipse
888 887 0.0 0.0 ellipse
889 888 0.0 0.0 ellipse
890 889 0.0 0.0 ellipse
891 890 0.0 0.0 ellipse
892 891 0.0 0.0 ellipse
893 892 0.0 0.0 ellipse
894 893 0.0 0.0 ellipse
895 894 0.0 0.0 ellipse
896 895 0.0 0.0 ellipse
897 896 0.0 0.0 ellipse
898 897 0.0 0.0 ellipse
899 898 0.0 0.0 ellipse
900 899 0.0 0.0 ellipse
901 900 0.0 0.0 ellipse
902 901 0.0 0.0 ellipse
903 902 0.0 0.0 ellipse
904 903 0.0 0.0 ellipse
905 904 0.0 0.0 ellipse
906 905 0.0 0.0 ellipse
907 906 0.0 0.0 ellipse
908 907 0.0 0.0 ellipse
909 908 0.0 0.0 ellipse
910 909 0.0 0.0 ellipse
911 910 0.0 0.0 ellipse
912 911 0.0 0.0 ellipse
913 912 0.0 0.0 ellipse
914 913 0.0 0.0 ellipse
915 914 0.0 0.0 ellipse
916 915 0.0 0.0 ellipse
917 916 0.0 0.0 ellipse
918 917 0.0 0.0 ellipse
919 918 0.0 0.0 ellipse
920 919 0.0 0.0 ellipse
921 920 0.0 0.0 ellipse
922 921 0.0 0.0 ellipse
923 922 0.0 0.0 ellipse
924 923 0.0 0.0 ellipse
925 924 0.0 0.0 ellipse
926 925 0.0 0.0 ellipse
927 926 0.0 0.0 ellipse
928 927 0.0 0.0 ellipse
929 928 0.0 0.0 ellipse
930 929 0.0 0.0 ellipse
931 930 0.0 0.0 ellipse
932 931 0.0 0.0 ellipse
933 932 0.0 0.0 ellipse
934 933 0.0 0.0 ellipse
935 934 0.0 0.0 ellipse
936 935 0.0 0.0 ellipse
937 936 0.0 0.0 ellipse
938 937 0.0 0.0 ellipse
939 938 0.0 0.0 ellipse
940 939 0.0 0.0 ellipse
941 940 0.0 0.0 ellipse
942 941 0.0 0.0 ellipse
943 942 0.0 0.0 ellipse
944 943 0.0 0.0 ellipse
945 944 0.0 0.0 ellipse
946 945 0.0 0.0 ellipse
947 946 0.0 0.0 ellipse
948 947 0.0 0.0 ellipse
949 948 0.0 0.0 ellipse
950 949 0.0 0.0 ellipse
951 950 0.0 0.0 ellipse
952 951 0.0 0.0 ellipse
953 952 0.0 0.0 ellipse
954 953 0.0 0.0 ellipse
955 954 0.0 0.0 ellipse
956 955 0.0 0.0 ellipse
957 956 0.0 0.0 ellipse
958 957 0.0 0.0 ellipse
959 958 0.0 0.0 ellipse
960 959 0.0 0.0 ellipse
961 960 0.0 0.0 ellipse
962 961 0.0 0.0 ellipse
963 962 0.0 0.0 ellipse
964 963 0.0 0.0 ellipse
965 964 0.0 0.0 ellipse
966 965 0.0 0.0 ellipse
967 966 0.0 0.0 ellipse
968 967 0.0 0.0 ellipse
969 968 0.0 0.0 ellipse
970 969 0.0 0.0 ellipse
971 970 0.0 0.0 ellipse
972 971 0.0 0.0 ellipse
973 972 0.0 0.0 ellipse
974 973 0.0 0.0 ellipse
975 974 0.0 0.0 ellipse
976 975 0.0 0.0 ellipse
977 976 0.0 0.0 ellipse
978 977 0.0 0.0 ellipse
979 978 0.0 0.0 ellipse
980 979 0.0 0.0 ellipse
981 980 0.0 0.0 ellipse
982 981 0.0 0.0 ellipse
983 982 0.0 0.0 ellipse
984 983 0.0 0.0 ellipse
985 984 0.0 0.0 ellipse
986 985 0.0 0.0 ellipse
987 986 0.0 0.0 ellipse
988 987 0.0 0.0 ellipse
989 988 0.0 0.0 ellipse
990 989 0.0 0.0 ellipse
991 990 0.0 0.0 ellipse
992 991 0.0 0.0 ellipse
993 992 0.0 0.0 ellipse
994 993 0.0 0.0 ellipse
995 994 0.0 0.0 ellipse
996 995 0.0 0.0 ellipse
997 996 0.0 0.0 ellipse
998 997 0.0 0.0 ellipse
999 998 0.0 0.0 ellipse
1000 999 0.0 0.0 ellipse
*edges
1 88 1.0
1 972 1.0
2 405 1.0
3 880 1.0
4 357 1.0
4 523 1.0
4 153 1.0
4 945 1.0
4 221 1.0
5 534 1.0
5 948 1.0
5 357 1.0
5 807 1.0
5 873 1.0
5 41 1.0
5 115 1.0
5 254 1.0
5 883 1.0
5 502 1.0
5 891 1.0
5 305 1.0
5 153 1.0
5 401 1.0
5 376 1.0
5 170 1.0
5 804 1.0
5 88 1.0
5 494 1.0
5 830 1.0
5 879 1.0
5 904 1.0
5 354 1.0
5 132 1.0
5 340 1.0
5 714 1.0
5 639 1.0
5 234 1.0
5 221 1.0
5 304 1.0
5 680 1.0
5 442 1.0
5 675 1.0
6 927 1.0
6 769 1.0
7 738 1.0
7 632 1.0
8 357 1.0
9 807 1.0
9 112 1.0
9 595 1.0
9 357 1.0
9 153 1.0
9 799 1.0
9 20 1.0
10 807 1.0
10 449 1.0
11 364 1.0
11 494 1.0
11 807 1.0
11 691 1.0
12 807 1.0
12 533 1.0
13 357 1.0
14 305 1.0
14 357 1.0
15 97 1.0
16 150 1.0
17 265 1.0
18 959 1.0
19 99 1.0
19 449 1.0
20 772 1.0
20 166 1.0
20 225 1.0
20 547 1.0
20 311 1.0
20 285 1.0
20 695 1.0
20 807 1.0
20 823 1.0
20 873 1.0
20 426 1.0
20 748 1.0
20 153 1.0
20 357 1.0
20 723 1.0
20 299 1.0
20 622 1.0
20 837 1.0
20 620 1.0
20 536 1.0
20 714 1.0
20 237 1.0
20 90 1.0
20 769 1.0
20 955 1.0
20 352 1.0
20 594 1.0
20 717 1.0
20 226 1.0
20 820 1.0
20 412 1.0
20 568 1.0
20 305 1.0
20 817 1.0
20 67 1.0
20 944 1.0
20 304 1.0
20 907 1.0
21 357 1.0
21 622 1.0
22 433 1.0
22 798 1.0
23 873 1.0
24 953 1.0
24 357 1.0
24 382 1.0
24 883 1.0
25 763 1.0
26 387 1.0
26 39 1.0
26 559 1.0
26 523 1.0
27 474 1.0
28 329 1.0
28 357 1.0
29 769 1.0
30 112 1.0
30 305 1.0
30 318 1.0
30 231 1.0
30 879 1.0
31 347 1.0
31 44 1.0
32 153 1.0
32 546 1.0
33 444 1.0
34 888 1.0
35 213 1.0
35 883 1.0
35 160 1.0
35 807 1.0
35 928 1.0
35 250 1.0
35 357 1.0
36 625 1.0
36 785 1.0
36 221 1.0
36 807 1.0
36 517 1.0
36 449 1.0
37 362 1.0
37 869 1.0
38 153 1.0
39 714 1.0
39 357 1.0
39 963 1.0
39 449 1.0
39 883 1.0
40 153 1.0
41 897 1.0
41 540 1.0
42 362 1.0
42 357 1.0
43 357 1.0
44 807 1.0
44 850 1.0
44 700 1.0
44 430 1.0
44 552 1.0
44 365 1.0
45 870 1.0
45 622 1.0
46 558 1.0
47 985 1.0
48 904 1.0
49 418 1.0
50 807 1.0
51 993 1.0
52 834 1.0
52 534 1.0
53 357 1.0
54 929 1.0
54 487 1.0
54 934 1.0
55 176 1.0
55 60 1.0
56 801 1.0
56 386 1.0
57 442 1.0
57 904 1.0
58 807 1.0
58 221 1.0
58 900 1.0
58 714 1.0
58 357 1.0
58 179 1.0
58 883 1.0
58 500 1.0
58 113 1.0
58 305 1.0
58 876 1.0
58 177 1.0
58 340 1.0
58 530 1.0
58 63 1.0
58 799 1.0
59 314 1.0
60 152 1.0
60 350 1.0
60 291 1.0
60 357 1.0
60 600 1.0
60 968 1.0
60 799 1.0
60 221 1.0
60 449 1.0
61 907 1.0
62 348 1.0
63 952 1.0
63 879 1.0
63 523 1.0
63 280 1.0
63 405 1.0
64 174 1.0
65 139 1.0
66 562 1.0
66 357 1.0
67 340 1.0
67 357 1.0
67 198 1.0
68 382 1.0
69 376 1.0
70 610 1.0
70 639 1.0
70 668 1.0
70 575 1.0
70 477 1.0
70 457 1.0
70 221 1.0
70 357 1.0
70 85 1.0
70 88 1.0
71 889 1.0
72 668 1.0
73 502 1.0
74 340 1.0
74 357 1.0
75 357 1.0
76 357 1.0
77 160 1.0
78 574 1.0
79 153 1.0
80 807 1.0
81 977 1.0
81 830 1.0
81 357 1.0
81 807 1.0
82 235 1.0
83 601 1.0
84 263 1.0
84 760 1.0
85 785 1.0
85 575 1.0
85 798 1.0
85 906 1.0
85 523 1.0
86 362 1.0
87 340 1.0
88 802 1.0
88 714 1.0
88 349 1.0
88 196 1.0
88 433 1.0
88 853 1.0
88 189 1.0
88 357 1.0
88 140 1.0
88 911 1.0
88 972 1.0
88 810 1.0
88 916 1.0
88 791 1.0
88 807 1.0
88 507 1.0
89 340 1.0
90 807 1.0
90 357 1.0
90 784 1.0
90 378 1.0
91 367 1.0
91 821 1.0
91 127 1.0
92 311 1.0
92 989 1.0
93 977 1.0
93 650 1.0
93 687 1.0
94 528 1.0
94 799 1.0
95 742 1.0
96 307 1.0
96 830 1.0
96 267 1.0
97 181 1.0
98 680 1.0
99 101 1.0
100 584 1.0
100 357 1.0
101 807 1.0
102 991 1.0
103 221 1.0
104 357 1.0
105 357 1.0
105 631 1.0
106 357 1.0
106 869 1.0
107 807 1.0
108 807 1.0
109 807 1.0
109 990 1.0
109 357 1.0
110 951 1.0
111 899 1.0
111 562 1.0
111 807 1.0
112 870 1.0
112 724 1.0
112 984 1.0
112 449 1.0
112 714 1.0
112 339 1.0
112 873 1.0
112 528 1.0
112 357 1.0
112 296 1.0
112 515 1.0
112 503 1.0
112 929 1.0
112 571 1.0
112 283 1.0
112 469 1.0
112 495 1.0
112 221 1.0
112 942 1.0
112 996 1.0
112 807 1.0
112 622 1.0
113 153 1.0
113 289 1.0
113 880 1.0
113 870 1.0
114 732 1.0
115 665 1.0
115 412 1.0
115 405 1.0
116 302 1.0
117 307 1.0
118 666 1.0
119 764 1.0
120 523 1.0
121 947 1.0
122 743 1.0
122 463 1.0
122 357 1.0
122 622 1.0
123 625 1.0
124 412 1.0
124 568 1.0
124 569 1.0
124 211 1.0
124 869 1.0
124 807 1.0
125 807 1.0
125 296 1.0
126 534 1.0
128 785 1.0
128 974 1.0
129 852 1.0
129 698 1.0
129 307 1.0
129 843 1.0
130 284 1.0
131 449 1.0
131 883 1.0
133 349 1.0
133 357 1.0
133 698 1.0
133 883 1.0
133 465 1.0
134 164 1.0
135 583 1.0
136 714 1.0
136 357 1.0
136 604 1.0
136 153 1.0
136 418 1.0
136 861 1.0
136 275 1.0
137 760 1.0
138 457 1.0
138 357 1.0
138 478 1.0
140 864 1.0
140 807 1.0
141 511 1.0
142 821 1.0
143 357 1.0
143 646 1.0
143 545 1.0
143 406 1.0
143 684 1.0
144 357 1.0
145 316 1.0
145 860 1.0
146 503 1.0
147 883 1.0
147 392 1.0
147 357 1.0
147 520 1.0
147 442 1.0
147 469 1.0
147 774 1.0
147 394 1.0
147 732 1.0
147 305 1.0
148 360 1.0
148 412 1.0
148 357 1.0
149 807 1.0
150 807 1.0
150 963 1.0
150 725 1.0
150 601 1.0
151 357 1.0
153 491 1.0
153 484 1.0
153 478 1.0
153 769 1.0
153 796 1.0
153 357 1.0
153 208 1.0
153 807 1.0
153 384 1.0
153 719 1.0
153 680 1.0
153 776 1.0
153 362 1.0
153 845 1.0
153 858 1.0
153 304 1.0
153 936 1.0
153 728 1.0
153 966 1.0
153 452 1.0
153 267 1.0
153 775 1.0
153 221 1.0
153 556 1.0
153 799 1.0
153 944 1.0
153 873 1.0
153 928 1.0
154 805 1.0
154 873 1.0
154 449 1.0
154 340 1.0
154 357 1.0
154 783 1.0
155 883 1.0
156 357 1.0
156 883 1.0
156 807 1.0
156 714 1.0
156 727 1.0
157 501 1.0
157 335 1.0
158 870 1.0
158 484 1.0
159 854 1.0
160 533 1.0
160 357 1.0
161 357 1.0
162 749 1.0
163 680 1.0
163 972 1.0
163 420 1.0
165 971 1.0
166 704 1.0
166 943 1.0
166 458 1.0
166 940 1.0
167 790 1.0
167 338 1.0
167 440 1.0
168 725 1.0
169 355 1.0
170 928 1.0
171 357 1.0
172 767 1.0
173 357 1.0
173 883 1.0
174 357 1.0
175 410 1.0
176 428 1.0
176 807 1.0
177 907 1.0
178 757 1.0
179 830 1.0
180 871 1.0
180 883 1.0
180 788 1.0
180 357 1.0
180 340 1.0
182 357 1.0
183 357 1.0
184 745 1.0
185 357 1.0
186 789 1.0
186 378 1.0
186 357 1.0
186 597 1.0
187 224 1.0
188 727 1.0
190 799 1.0
190 879 1.0
191 807 1.0
192 357 1.0
193 396 1.0
194 326 1.0
195 649 1.0
195 476 1.0
195 807 1.0
195 221 1.0
197 523 1.0
198 531 1.0
199 948 1.0
200 397 1.0
201 830 1.0
202 357 1.0
203 807 1.0
204 807 1.0
204 305 1.0
204 523 1.0
205 807 1.0
205 769 1.0
205 357 1.0
206 357 1.0
207 614 1.0
207 534 1.0
208 357 1.0
209 216 1.0
210 466 1.0
211 587 1.0
212 807 1.0
214 357 1.0
215 347 1.0
216 227 1.0
217 289 1.0
217 357 1.0
218 264 1.0
219 221 1.0
220 285 1.0
220 684 1.0
220 357 1.0
220 305 1.0
220 883 1.0
220 849 1.0
220 807 1.0
221 376 1.0
221 713 1.0
221 817 1.0
221 649 1.0
221 544 1.0
221 478 1.0
221 863 1.0
221 928 1.0
221 599 1.0
221 714 1.0
221 234 1.0
221 580 1.0
221 798 1.0
221 795 1.0
221 425 1.0
221 761 1.0
221 807 1.0
221 797 1.0
221 256 1.0
221 606 1.0
221 445 1.0
221 357 1.0
221 415 1.0
221 559 1.0
221 685 1.0
221 622 1.0
221 464 1.0
221 312 1.0
221 384 1.0
221 663 1.0
221 304 1.0
221 701 1.0
221 340 1.0
221 431 1.0
221 224 1.0
221 881 1.0
221 883 1.0
221 517 1.0
221 278 1.0
221 951 1.0
221 403 1.0
221 860 1.0
221 681 1.0
221 235 1.0
221 975 1.0
221 725 1.0
221 530 1.0
221 684 1.0
221 305 1.0
221 639 1.0
221 534 1.0
222 357 1.0
223 307 1.0
224 907 1.0
225 975 1.0
225 473 1.0
225 807 1.0
225 785 1.0
225 357 1.0
227 309 1.0
228 450 1.0
228 357 1.0
228 928 1.0
228 696 1.0
229 807 1.0
230 247 1.0
232 912 1.0
233 390 1.0
234 494 1.0
234 357 1.0
234 523 1.0
234 534 1.0
234 449 1.0
235 257 1.0
235 632 1.0
235 449 1.0
236 357 1.0
238 606 1.0
238 622 1.0
239 360 1.0
240 362 1.0
240 756 1.0
240 902 1.0
241 807 1.0
242 357 1.0
242 270 1.0
243 359 1.0
244 807 1.0
245 246 1.0
247 830 1.0
248 347 1.0
248 597 1.0
249 745 1.0
249 708 1.0
250 799 1.0
250 515 1.0
251 697 1.0
252 362 1.0
253 505 1.0
253 520 1.0
254 457 1.0
254 928 1.0
254 357 1.0
255 588 1.0
257 414 1.0
258 474 1.0
259 775 1.0
260 830 1.0
260 362 1.0
260 720 1.0
261 962 1.0
262 675 1.0
263 830 1.0
266 504 1.0
268 639 1.0
269 362 1.0
270 340 1.0
271 883 1.0
271 778 1.0
272 579 1.0
272 854 1.0
273 650 1.0
274 598 1.0
276 509 1.0
277 760 1.0
278 357 1.0
279 490 1.0
280 883 1.0
280 714 1.0
281 358 1.0
281 357 1.0
282 357 1.0
282 831 1.0
284 883 1.0
285 357 1.0
285 571 1.0
285 359 1.0
285 975 1.0
285 453 1.0
285 586 1.0
285 376 1.0
285 362 1.0
285 807 1.0
286 546 1.0
287 883 1.0
288 644 1.0
289 357 1.0
290 632 1.0
290 933 1.0
292 357 1.0
293 947 1.0
294 707 1.0
295 830 1.0
296 357 1.0
296 304 1.0
296 807 1.0
296 418 1.0
296 316 1.0
296 587 1.0
296 715 1.0
297 815 1.0
298 497 1.0
298 339 1.0
300 380 1.0
300 799 1.0
301 357 1.0
302 807 1.0
303 357 1.0
304 714 1.0
304 907 1.0
304 634 1.0
304 622 1.0
304 787 1.0
304 357 1.0
304 610 1.0
304 340 1.0
304 478 1.0
304 391 1.0
304 382 1.0
304 367 1.0
304 534 1.0
304 807 1.0
304 579 1.0
305 622 1.0
305 732 1.0
305 807 1.0
305 357 1.0
305 790 1.0
305 362 1.0
305 833 1.0
305 653 1.0
305 605 1.0
305 883 1.0
305 714 1.0
306 807 1.0
307 591 1.0
307 883 1.0
307 840 1.0
307 552 1.0
307 486 1.0
307 807 1.0
307 713 1.0
307 639 1.0
307 666 1.0
307 615 1.0
308 798 1.0
309 451 1.0
309 799 1.0
310 357 1.0
312 807 1.0
313 883 1.0
314 683 1.0
314 807 1.0
314 851 1.0
314 729 1.0
315 796 1.0
316 765 1.0
317 340 1.0
318 836 1.0
318 807 1.0
319 357 1.0
320 369 1.0
321 357 1.0
322 340 1.0
323 625 1.0
323 908 1.0
323 357 1.0
323 470 1.0
323 552 1.0
323 449 1.0
324 869 1.0
325 408 1.0
326 606 1.0
326 730 1.0
326 654 1.0
326 873 1.0
326 528 1.0
326 781 1.0
327 357 1.0
328 807 1.0
329 357 1.0
329 587 1.0
330 884 1.0
330 879 1.0
330 357 1.0
331 807 1.0
332 661 1.0
332 799 1.0
332 374 1.0
332 410 1.0
333 747 1.0
334 573 1.0
334 357 1.0
334 603 1.0
334 807 1.0
334 859 1.0
335 807 1.0
336 357 1.0
336 559 1.0
337 683 1.0
337 534 1.0
339 946 1.0
340 607 1.0
340 882 1.0
340 594 1.0
340 637 1.0
340 786 1.0
340 919 1.0
340 357 1.0
340 970 1.0
340 824 1.0
340 555 1.0
340 622 1.0
340 478 1.0
340 807 1.0
340 869 1.0
340 650 1.0
340 575 1.0
340 959 1.0
340 431 1.0
340 405 1.0
340 934 1.0
340 883 1.0
340 559 1.0
341 531 1.0
342 944 1.0
343 768 1.0
344 574 1.0
345 357 1.0
346 969 1.0
347 649 1.0
347 360 1.0
347 442 1.0
347 965 1.0
347 807 1.0
347 600 1.0
347 506 1.0
347 357 1.0
347 879 1.0
347 381 1.0
347 923 1.0
347 559 1.0
347 883 1.0
347 351 1.0
347 830 1.0
347 362 1.0
348 472 1.0
349 781 1.0
349 528 1.0
349 516 1.0
349 507 1.0
350 830 1.0
350 853 1.0
350 707 1.0
350 924 1.0
350 357 1.0
350 533 1.0
350 907 1.0
353 367 1.0
354 450 1.0
355 929 1.0
355 883 1.0
356 457 1.0
357 650 1.0
357 675 1.0
357 883 1.0
357 767 1.0
357 940 1.0
357 585 1.0
357 453 1.0
357 625 1.0
357 624 1.0
357 385 1.0
357 362 1.0
357 676 1.0
357 622 1.0
357 694 1.0
357 807 1.0
357 509 1.0
357 799 1.0
357 937 1.0
357 797 1.0
357 714 1.0
357 731 1.0
357 478 1.0
357 579 1.0
357 948 1.0
357 722 1.0
357 928 1.0
357 652 1.0
357 811 1.0
357 907 1.0
357 725 1.0
357 707 1.0
357 961 1.0
357 698 1.0
357 975 1.0
357 842 1.0
357 824 1.0
357 947 1.0
357 603 1.0
357 730 1.0
357 381 1.0
357 794 1.0
357 892 1.0
357 456 1.0
357 409 1.0
357 830 1.0
357 534 1.0
357 917 1.0
357 752 1.0
357 442 1.0
357 559 1.0
357 987 1.0
357 689 1.0
357 702 1.0
357 563 1.0
357 449 1.0
357 639 1.0
357 934 1.0
357 680 1.0
357 473 1.0
357 866 1.0
357 467 1.0
357 737 1.0
357 645 1.0
357 873 1.0
357 733 1.0
357 897 1.0
357 992 1.0
357 423 1.0
357 977 1.0
357 918 1.0
357 821 1.0
357 691 1.0
357 510 1.0
357 979 1.0
357 669 1.0
357 601 1.0
357 562 1.0
357 798 1.0
357 771 1.0
357 723 1.0
357 879 1.0
357 745 1.0
357 705 1.0
357 514 1.0
357 587 1.0
357 484 1.0
357 944 1.0
357 494 1.0
357 576 1.0
357 787 1.0
357 862 1.0
357 450 1.0
357 658 1.0
357 684 1.0
357 640 1.0
357 378 1.0
357 865 1.0
357 593 1.0
357 404 1.0
357 599 1.0
357 809 1.0
357 859 1.0
357 668 1.0
357 572 1.0
357 661 1.0
357 782 1.0
357 868 1.0
357 418 1.0
357 554 1.0
357 560 1.0
357 649 1.0
357 651 1.0
357 558 1.0
357 952 1.0
357 964 1.0
357 507 1.0
357 776 1.0
357 382 1.0
357 720 1.0
357 910 1.0
357 740 1.0
357 499 1.0
357 921 1.0
357 600 1.0
357 575 1.0
357 379 1.0
357 528 1.0
357 710 1.0
357 543 1.0
357 742 1.0
357 417 1.0
357 568 1.0
357 544 1.0
357 997 1.0
357 419 1.0
357 475 1.0
357 960 1.0
357 788 1.0
357 616 1.0
357 909 1.0
357 375 1.0
357 389 1.0
357 666 1.0
357 991 1.0
357 931 1.0
357 678 1.0
357 433 1.0
357 629 1.0
357 361 1.0
357 565 1.0
357 472 1.0
357 926 1.0
357 920 1.0
357 683 1.0
357 647 1.0
357 460 1.0
357 373 1.0
357 369 1.0
357 497 1.0
357 1000 1.0
357 845 1.0
357 422 1.0
357 405 1.0
357 870 1.0
357 929 1.0
357 400 1.0
357 581 1.0
357 502 1.0
357 706 1.0
357 431 1.0
357 414 1.0
357 556 1.0
357 412 1.0
357 535 1.0
357 524 1.0
357 495 1.0
357 732 1.0
357 496 1.0
357 869 1.0
357 447 1.0
357 925 1.0
357 878 1.0
357 763 1.0
357 515 1.0
357 775 1.0
357 523 1.0
358 830 1.0
362 659 1.0
362 807 1.0
362 775 1.0
362 452 1.0
362 700 1.0
362 928 1.0
362 818 1.0
362 581 1.0
362 600 1.0
362 680 1.0
362 830 1.0
362 561 1.0
362 382 1.0
362 393 1.0
362 998 1.0
362 449 1.0
362 977 1.0
362 507 1.0
362 503 1.0
362 384 1.0
362 834 1.0
362 934 1.0
362 883 1.0
362 873 1.0
363 676 1.0
364 523 1.0
366 536 1.0
367 894 1.0
367 661 1.0
368 807 1.0
369 534 1.0
369 494 1.0
370 799 1.0
371 612 1.0
371 630 1.0
371 689 1.0
372 661 1.0
372 925 1.0
372 807 1.0
376 405 1.0
377 449 1.0
378 717 1.0
378 638 1.0
378 558 1.0
380 967 1.0
380 534 1.0
381 799 1.0
381 449 1.0
381 559 1.0
381 597 1.0
381 807 1.0
382 489 1.0
382 599 1.0
382 503 1.0
382 807 1.0
382 883 1.0
382 975 1.0
382 799 1.0
383 449 1.0
384 878 1.0
386 714 1.0
388 807 1.0
389 703 1.0
389 941 1.0
392 928 1.0
392 649 1.0
393 846 1.0
394 534 1.0
394 945 1.0
394 526 1.0
394 948 1.0
395 712 1.0
396 813 1.0
398 799 1.0
399 626 1.0
400 817 1.0
400 836 1.0
401 956 1.0
402 574 1.0
402 714 1.0
405 883 1.0
405 622 1.0
405 534 1.0
407 449 1.0
409 860 1.0
411 418 1.0
412 714 1.0
412 441 1.0
413 453 1.0
414 951 1.0
414 432 1.0
416 907 1.0
417 557 1.0
417 478 1.0
418 907 1.0
418 523 1.0
418 535 1.0
418 504 1.0
418 873 1.0
418 597 1.0
418 928 1.0
421 963 1.0
424 849 1.0
424 843 1.0
427 879 1.0
429 655 1.0
429 650 1.0
431 892 1.0
431 928 1.0
431 680 1.0
431 807 1.0
432 929 1.0
432 883 1.0
432 708 1.0
432 900 1.0
434 655 1.0
435 825 1.0
436 807 1.0
436 891 1.0
436 639 1.0
437 489 1.0
438 904 1.0
439 883 1.0
442 517 1.0
442 807 1.0
443 961 1.0
445 975 1.0
445 478 1.0
445 528 1.0
445 666 1.0
446 883 1.0
447 799 1.0
447 680 1.0
447 807 1.0
448 523 1.0
448 582 1.0
449 892 1.0
449 883 1.0
449 523 1.0
449 807 1.0
449 819 1.0
449 668 1.0
449 871 1.0
449 811 1.0
449 975 1.0
449 836 1.0
449 928 1.0
449 622 1.0
449 490 1.0
449 838 1.0
449 725 1.0
449 869 1.0
449 714 1.0
450 723 1.0
450 578 1.0
450 566 1.0
450 883 1.0
450 695 1.0
450 508 1.0
451 750 1.0
451 879 1.0
451 807 1.0
452 721 1.0
452 699 1.0
453 926 1.0
454 654 1.0
455 928 1.0
457 559 1.0
458 883 1.0
458 807 1.0
459 928 1.0
461 807 1.0
462 973 1.0
463 714 1.0
467 807 1.0
467 687 1.0
468 830 1.0
471 718 1.0
474 574 1.0
474 570 1.0
474 503 1.0
474 928 1.0
476 486 1.0
478 704 1.0
478 869 1.0
478 751 1.0
478 553 1.0
478 534 1.0
478 807 1.0
478 494 1.0
478 675 1.0
478 676 1.0
478 575 1.0
478 723 1.0
478 794 1.0
478 639 1.0
478 666 1.0
478 883 1.0
479 988 1.0
480 909 1.0
481 860 1.0
482 870 1.0
483 528 1.0
485 776 1.0
487 828 1.0
487 525 1.0
487 928 1.0
488 787 1.0
490 807 1.0
492 604 1.0
493 534 1.0
494 996 1.0
494 713 1.0
494 744 1.0
494 807 1.0
494 721 1.0
494 714 1.0
494 574 1.0
494 883 1.0
494 652 1.0
495 830 1.0
497 691 1.0
498 668 1.0
501 656 1.0
503 983 1.0
503 672 1.0
504 983 1.0
507 668 1.0
507 632 1.0
507 878 1.0
508 873 1.0
508 935 1.0
512 853 1.0
512 840 1.0
513 755 1.0
514 807 1.0
515 844 1.0
515 807 1.0
517 944 1.0
517 879 1.0
518 807 1.0
519 682 1.0
519 807 1.0
519 548 1.0
519 578 1.0
521 873 1.0
522 660 1.0
522 915 1.0
523 892 1.0
523 768 1.0
523 625 1.0
523 775 1.0
523 807 1.0
523 527 1.0
523 589 1.0
524 534 1.0
527 922 1.0
528 725 1.0
528 879 1.0
528 883 1.0
528 534 1.0
528 824 1.0
528 780 1.0
528 807 1.0
528 928 1.0
528 564 1.0
529 664 1.0
530 714 1.0
532 761 1.0
533 807 1.0
534 768 1.0
534 627 1.0
534 622 1.0
534 830 1.0
534 807 1.0
534 722 1.0
534 680 1.0
534 952 1.0
534 799 1.0
534 668 1.0
536 820 1.0
537 822 1.0
538 602 1.0
538 656 1.0
539 883 1.0
539 885 1.0
541 883 1.0
542 547 1.0
544 928 1.0
545 799 1.0
545 807 1.0
545 982 1.0
546 990 1.0
546 622 1.0
546 807 1.0
546 883 1.0
549 913 1.0
550 799 1.0
551 875 1.0
554 622 1.0
554 807 1.0
558 883 1.0
559 807 1.0
559 714 1.0
559 843 1.0
559 577 1.0
559 930 1.0
559 883 1.0
561 798 1.0
563 713 1.0
564 714 1.0
564 909 1.0
564 873 1.0
564 894 1.0
566 807 1.0
567 878 1.0
568 807 1.0
568 714 1.0
571 698 1.0
571 639 1.0
571 798 1.0
574 760 1.0
574 698 1.0
574 713 1.0
574 599 1.0
575 862 1.0
576 880 1.0
576 883 1.0
578 714 1.0
578 718 1.0
579 661 1.0
579 941 1.0
579 807 1.0
581 597 1.0
586 688 1.0
586 714 1.0
586 807 1.0
587 956 1.0
587 622 1.0
590 934 1.0
592 714 1.0
594 814 1.0
595 639 1.0
596 939 1.0
596 643 1.0
597 879 1.0
599 649 1.0
600 674 1.0
600 800 1.0
600 683 1.0
600 807 1.0
601 741 1.0
601 913 1.0
601 807 1.0
604 836 1.0
604 883 1.0
606 698 1.0
606 633 1.0
606 799 1.0
608 879 1.0
609 683 1.0
610 714 1.0
611 963 1.0
613 799 1.0
616 617 1.0
618 842 1.0
619 684 1.0
620 898 1.0
621 807 1.0
622 958 1.0
622 807 1.0
622 877 1.0
622 995 1.0
622 641 1.0
622 945 1.0
622 639 1.0
622 709 1.0
622 992 1.0
622 714 1.0
622 961 1.0
622 934 1.0
623 807 1.0
624 683 1.0
624 777 1.0
624 799 1.0
626 881 1.0
626 799 1.0
627 880 1.0
628 807 1.0
632 873 1.0
632 698 1.0
634 670 1.0
634 762 1.0
635 807 1.0
636 849 1.0
637 883 1.0
639 981 1.0
639 642 1.0
639 878 1.0
639 769 1.0
639 807 1.0
639 779 1.0
639 947 1.0
639 680 1.0
639 722 1.0
639 883 1.0
639 714 1.0
640 799 1.0
646 957 1.0
646 793 1.0
647 811 1.0
648 934 1.0
649 763 1.0
649 664 1.0
649 799 1.0
649 698 1.0
650 886 1.0
650 807 1.0
651 745 1.0
651 714 1.0
651 944 1.0
652 753 1.0
652 759 1.0
652 883 1.0
654 883 1.0
655 807 1.0
656 807 1.0
657 799 1.0
661 722 1.0
661 799 1.0
662 860 1.0
663 754 1.0
665 807 1.0
666 883 1.0
666 807 1.0
667 900 1.0
668 807 1.0
668 732 1.0
668 999 1.0
668 881 1.0
668 677 1.0
668 830 1.0
668 929 1.0
668 859 1.0
668 934 1.0
671 803 1.0
673 870 1.0
674 907 1.0
674 714 1.0
675 868 1.0
675 857 1.0
675 807 1.0
676 799 1.0
677 807 1.0
679 883 1.0
680 807 1.0
680 799 1.0
680 846 1.0
680 883 1.0
680 700 1.0
680 832 1.0
681 736 1.0
683 862 1.0
683 944 1.0
684 883 1.0
684 807 1.0
686 721 1.0
687 788 1.0
689 807 1.0
689 836 1.0
689 883 1.0
689 952 1.0
690 883 1.0
691 853 1.0
691 883 1.0
692 783 1.0
693 807 1.0
695 899 1.0
695 944 1.0
697 949 1.0
697 873 1.0
698 978 1.0
698 830 1.0
698 842 1.0
699 977 1.0
700 807 1.0
707 807 1.0
708 714 1.0
711 714 1.0
714 826 1.0
714 807 1.0
714 907 1.0
714 761 1.0
714 946 1.0
714 883 1.0
714 928 1.0
714 715 1.0
714 758 1.0
714 817 1.0
714 725 1.0
714 760 1.0
714 869 1.0
714 873 1.0
714 799 1.0
716 870 1.0
717 886 1.0
717 819 1.0
720 807 1.0
720 883 1.0
722 807 1.0
725 767 1.0
725 954 1.0
725 738 1.0
725 787 1.0
725 924 1.0
725 984 1.0
726 807 1.0
728 799 1.0
732 807 1.0
732 799 1.0
734 847 1.0
735 763 1.0
739 883 1.0
739 799 1.0
742 799 1.0
745 982 1.0
746 962 1.0
747 890 1.0
751 941 1.0
752 807 1.0
757 869 1.0
759 883 1.0
763 905 1.0
766 807 1.0
767 944 1.0
768 807 1.0
769 807 1.0
770 874 1.0
773 883 1.0
777 957 1.0
777 799 1.0
778 883 1.0
783 807 1.0
783 883 1.0
787 807 1.0
787 812 1.0
787 792 1.0
787 975 1.0
787 914 1.0
788 944 1.0
790 807 1.0
792 799 1.0
798 817 1.0
798 862 1.0
798 873 1.0
798 879 1.0
799 928 1.0
799 807 1.0
799 879 1.0
799 892 1.0
799 883 1.0
801 949 1.0
806 977 1.0
807 846 1.0
807 977 1.0
807 879 1.0
807 840 1.0
807 835 1.0
807 829 1.0
807 883 1.0
807 958 1.0
807 956 1.0
807 892 1.0
807 828 1.0
807 836 1.0
807 873 1.0
807 878 1.0
807 951 1.0
807 934 1.0
807 851 1.0
807 980 1.0
807 821 1.0
807 867 1.0
807 948 1.0
807 961 1.0
808 893 1.0
811 836 1.0
816 883 1.0
817 852 1.0
817 883 1.0
824 883 1.0
827 883 1.0
830 920 1.0
830 852 1.0
830 944 1.0
830 941 1.0
830 862 1.0
832 914 1.0
836 912 1.0
839 841 1.0
843 895 1.0
848 989 1.0
853 873 1.0
855 938 1.0
856 973 1.0
860 986 1.0
864 945 1.0
865 940 1.0
870 883 1.0
870 887 1.0
872 976 1.0
873 903 1.0
873 928 1.0
873 883 1.0
873 934 1.0
879 907 1.0
879 973 1.0
879 883 1.0
883 928 1.0
883 944 1.0
883 991 1.0
883 907 1.0
883 961 1.0
883 946 1.0
883 951 1.0
883 896 1.0
883 950 1.0
883 934 1.0
884 940 1.0
886 901 1.0
907 934 1.0
907 956 1.0
924 984 1.0
932 949 1.0
945 957 1.0
946 977 1.0
956 994 1.0
