*vertices 500
1 0 0.0 0.0 ellipse
2 1 0.0 0.0 ellipse
3 2 0.0 0.0 ellipse
4 3 0.0 0.0 ellipse
5 4 0.0 0.0 ellipse
6 5 0.0 0.0 ellipse
7 6 0.0 0.0 ellipse
8 7 0.0 0.0 ellipse
9 8 0.0 0.0 ellipse
10 9 0.0 0.0 ellipse
11 10 0.0 0.0 ellipse
12 11 0.0 0.0 ellipse
13 12 0.0 0.0 ellipse
14 13 0.0 0.0 ellipse
15 14 0.0 0.0 ellipse
16 15 0.0 0.0 ellipse
17 16 0.0 0.0 ellipse
18 17 0.0 0.0 ellipse
19 18 0.0 0.0 ellipse
20 19 0.0 0.0 ellipse
21 20 0.0 0.0 ellipse
22 21 0.0 0.0 ellipse
23 22 0.0 0.0 ellipse
24 23 0.0 0.0 ellipse
25 24 0.0 0.0 ellipse
26 25 0.0 0.0 ellipse
27 26 0.0 0.0 ellipse
28 27 0.0 0.0 ellipse
29 28 0.0 0.0 ellipse
30 29 0.0 0.0 ellipse
31 30 0.0 0.0 ellipse
32 31 0.0 0.0 ellipse
33 32 0.0 0.0 ellipse
34 33 0.0 0.0 ellipse
35 34 0.0 0.0 ellipse
36 35 0.0 0.0 ellipse
37 36 0.0 0.0 ellipse
38 37 0.0 0.0 ellipse
39 38 0.0 0.0 ellipse
40 39 0.0 0.0 ellipse
41 40 0.0 0.0 ellipse
42 41 0.0 0.0 ellipse
43 42 0.0 0.0 ellipse
44 43 0.0 0.0 ellipse
45 44 0.0 0.0 ellipse
46 45 0.0 0.0 ellipse
47 46 0.0 0.0 ellipse
48 47 0.0 0.0 ellipse
49 48 0.0 0.0 ellipse
50 49 0.0 0.0 ellipse
51 50 0.0 0.0 ellipse
52 51 0.0 0.0 ellipse
53 52 0.0 0.0 ellipse
54 53 0.0 0.0 ellipse
55 54 0.0 0.0 ellipse
56 55 0.0 0.0 ellipse
57 56 0.0 0.0 ellipse
58 57 0.0 0.0 ellipse
59 58 0.0 0.0 ellipse
60 59 0.0 0.0 ellipse
61 60 0.0 0.0 ellipse
62 61 0.0 0.0 ellipse
63 62 0.0 0.0 ellipse
64 63 0.0 0.0 ellipse
65 64 0.0 0.0 ellipse
66 65 0.0 0.0 ellipse
67 66 0.0 0.0 ellipse
68 67 0.0 0.0 ellipse
69 68 0.0 0.0 ellipse
70 69 0.0 0.0 ellipse
71 70 0.0 0.0 ellipse
72 71 0.0 0.0 ellipse
73 72 0.0 0.0 ellipse
74 73 0.0 0.0 ellipse
75 74 0.0 0.0 ellipse
76 75 0.0 0.0 ellipse
77 76 0.0 0.0 ellipse
78 77 0.0 0.0 ellipse
79 78 0.0 0.0 ellipse
80 79 0.0 0.0 ellipse
81 80 0.0 0.0 ellipse
82 81 0.0 0.0 ellipse
83 82 0.0 0.0 ellipse
84 83 0.0 0.0 ellipse
85 84 0.0 0.0 ellipse
86 85 0.0 0.0 ellipse
87 86 0.0 0.0 ellipse
88 87 0.0 0.0 ellipse
89 88 0.0 0.0 ellipse
90 89 0.0 0.0 ellipse
91 90 0.0 0.0 ellipse
92 91 0.0 0.0 ellipse
93 92 0.0 0.0 ellipse
94 93 0.0 0.0 ellipse
95 94 0.0 0.0 ellipse
96 95 0.0 0.0 ellipse
97 96 0.0 0.0 ellipse
98 97 0.0 0.0 ellipse
99 98 0.0 0.0 ellipse
100 99 0.0 0.0 ellipse
101 100 0.0 0.0 ellipse
102 101 0.0 0.0 ellipse
103 102 0.0 0.0 ellipse
104 103 0.0 0.0 ellipse
105 104 0.0 0.0 ellipse
106 105 0.0 0.0 ellipse
107 106 0.0 0.0 ellipse
108 107 0.0 0.0 ellipse
109 108 0.0 0.0 ellipse
110 109 0.0 0.0 ellipse
111 110 0.0 0.0 ellipse
112 111 0.0 0.0 ellipse
113 112 0.0 0.0 ellipse
114 113 0.0 0.0 ellipse
115 114 0.0 0.0 ellipse
116 115 0.0 0.0 ellipse
117 116 0.0 0.0 ellipse
118 117 0.0 0.0 ellipse
119 118 0.0 0.0 ellipse
120 119 0.0 0.0 ellipse
121 120 0.0 0.0 ellipse
122 121 0.0 0.0 ellipse
123 122 0.0 0.0 ellipse
124 123 0.0 0.0 ellipse
125 124 0.0 0.0 ellipse
126 125 0.0 0.0 ellipse
127 126 0.0 0.0 ellipse
128 127 0.0 0.0 ellipse
129 128 0.0 0.0 ellipse
130 129 0.0 0.0 ellipse
131 130 0.0 0.0 ellipse
132 131 0.0 0.0 ellipse
133 132 0.0 0.0 ellipse
134 133 0.0 0.0 ellipse
135 134 0.0 0.0 ellipse
136 135 0.0 0.0 ellipse
137 136 0.0 0.0 ellipse
138 137 0.0 0.0 ellipse
139 138 0.0 0.0 ellipse
140 139 0.0 0.0 ellipse
141 140 0.0 0.0 ellipse
142 141 0.0 0.0 ellipse
143 142 0.0 0.0 ellipse
144 143 0.0 0.0 ellipse
145 144 0.0 0.0 ellipse
146 145 0.0 0.0 ellipse
147 146 0.0 0.0 ellipse
148 147 0.0 0.0 ellipse
149 148 0.0 0.0 ellipse
150 149 0.0 0.0 ellipse
151 150 0.0 0.0 ellipse
152 151 0.0 0.0 ellipse
153 152 0.0 0.0 ellipse
154 153 0.0 0.0 ellipse
155 154 0.0 0.0 ellipse
156 155 0.0 0.0 ellipse
157 156 0.0 0.0 ellipse
158 157 0.0 0.0 ellipse
159 158 0.0 0.0 ellipse
160 159 0.0 0.0 ellipse
161 160 0.0 0.0 ellipse
162 161 0.0 0.0 ellipse
163 162 0.0 0.0 ellipse
164 163 0.0 0.0 ellipse
165 164 0.0 0.0 ellipse
166 165 0.0 0.0 ellipse
167 166 0.0 0.0 ellipse
168 167 0.0 0.0 ellipse
169 168 0.0 0.0 ellipse
170 169 0.0 0.0 ellipse
171 170 0.0 0.0 ellipse
172 171 0.0 0.0 ellipse
173 172 0.0 0.0 ellipse
174 173 0.0 0.0 ellipse
175 174 0.0 0.0 ellipse
176 175 0.0 0.0 ellipse
177 176 0.0 0.0 ellipse
178 177 0.0 0.0 ellipse
179 178 0.0 0.0 ellipse
180 179 0.0 0.0 ellipse
181 180 0.0 0.0 ellipse
182 181 0.0 0.0 ellipse
183 182 0.0 0.0 ellipse
184 183 0.0 0.0 ellipse
185 184 0.0 0.0 ellipse
186 185 0.0 0.0 ellipse
187 186 0.0 0.0 ellipse
188 187 0.0 0.0 ellipse
189 188 0.0 0.0 ellipse
190 189 0.0 0.0 ellipse
191 190 0.0 0.0 ellipse
192 191 0.0 0.0 ellipse
193 192 0.0 0.0 ellipse
194 193 0.0 0.0 ellipse
195 194 0.0 0.0 ellipse
196 195 0.0 0.0 ellipse
197 196 0.0 0.0 ellipse
198 197 0.0 0.0 ellipse
199 198 0.0 0.0 ellipse
200 199 0.0 0.0 ellipse
201 200 0.0 0.0 ellipse
202 201 0.0 0.0 ellipse
203 202 0.0 0.0 ellipse
204 203 0.0 0.0 ellipse
205 204 0.0 0.0 ellipse
206 205 0.0 0.0 ellipse
207 206 0.0 0.0 ellipse
208 207 0.0 0.0 ellipse
209 208 0.0 0.0 ellipse
210 209 0.0 0.0 ellipse
211 210 0.0 0.0 ellipse
212 211 0.0 0.0 ellipse
213 212 0.0 0.0 ellipse
214 213 0.0 0.0 ellipse
215 214 0.0 0.0 ellipse
216 215 0.0 0.0 ellipse
217 216 0.0 0.0 ellipse
218 217 0.0 0.0 ellipse
219 218 0.0 0.0 ellipse
220 219 0.0 0.0 ellipse
221 220 0.0 0.0 ellipse
222 221 0.0 0.0 ellipse
223 222 0.0 0.0 ellipse
224 223 0.0 0.0 ellipse
225 224 0.0 0.0 ellipse
226 225 0.0 0.0 ellipse
227 226 0.0 0.0 ellipse
228 227 0.0 0.0 ellipse
229 228 0.0 0.0 ellipse
230 229 0.0 0.0 ellipse
231 230 0.0 0.0 ellipse
232 231 0.0 0.0 ellipse
233 232 0.0 0.0 ellipse
234 233 0.0 0.0 ellipse
235 234 0.0 0.0 ellipse
236 235 0.0 0.0 ellipse
237 236 0.0 0.0 ellipse
238 237 0.0 0.0 ellipse
239 238 0.0 0.0 ellipse
240 239 0.0 0.0 ellipse
241 240 0.0 0.0 ellipse
242 241 0.0 0.0 ellipse
243 242 0.0 0.0 ellipse
244 243 0.0 0.0 ellipse
245 244 0.0 0.0 ellipse
246 245 0.0 0.0 ellipse
247 246 0.0 0.0 ellipse
248 247 0.0 0.0 ellipse
249 248 0.0 0.0 ellipse
250 249 0.0 0.0 ellipse
251 250 0.0 0.0 ellipse
252 251 0.0 0.0 ellipse
253 252 0.0 0.0 ellipse
254 253 0.0 0.0 ellipse
255 254 0.0 0.0 ellipse
256 255 0.0 0.0 ellipse
257 256 0.0 0.0 ellipse
258 257 0.0 0.0 ellipse
259 258 0.0 0.0 ellipse
260 259 0.0 0.0 ellipse
261 260 0.0 0.0 ellipse
262 261 0.0 0.0 ellipse
263 262 0.0 0.0 ellipse
264 263 0.0 0.0 ellipse
265 264 0.0 0.0 ellipse
266 265 0.0 0.0 ellipse
267 266 0.0 0.0 ellipse
268 267 0.0 0.0 ellipse
269 268 0.0 0.0 ellipse
270 269 0.0 0.0 ellipse
271 270 0.0 0.0 ellipse
272 271 0.0 0.0 ellipse
273 272 0.0 0.0 ellipse
274 273 0.0 0.0 ellipse
275 274 0.0 0.0 ellipse
276 275 0.0 0.0 ellipse
277 276 0.0 0.0 ellipse
278 277 0.0 0.0 ellipse
279 278 0.0 0.0 ellipse
280 279 0.0 0.0 ellipse
281 280 0.0 0.0 ellipse
282 281 0.0 0.0 ellipse
283 282 0.0 0.0 ellipse
284 283 0.0 0.0 ellipse
285 284 0.0 0.0 ellipse
286 285 0.0 0.0 ellipse
287 286 0.0 0.0 ellipse
288 287 0.0 0.0 ellipse
289 288 0.0 0.0 ellipse
290 289 0.0 0.0 ellipse
291 290 0.0 0.0 ellipse
292 291 0.0 0.0 ellipse
293 292 0.0 0.0 ellipse
294 293 0.0 0.0 ellipse
295 294 0.0 0.0 ellipse
296 295 0.0 0.0 ellipse
297 296 0.0 0.0 ellipse
298 297 0.0 0.0 ellipse
299 298 0.0 0.0 ellipse
300 299 0.0 0.0 ellipse
301 300 0.0 0.0 ellipse
302 301 0.0 0.0 ellipse
303 302 0.0 0.0 ellipse
304 303 0.0 0.0 ellipse
305 304 0.0 0.0 ellipse
306 305 0.0 0.0 ellipse
307 306 0.0 0.0 ellipse
308 307 0.0 0.0 ellipse
309 308 0.0 0.0 ellipse
310 309 0.0 0.0 ellipse
311 310 0.0 0.0 ellipse
312 311 0.0 0.0 ellipse
313 312 0.0 0.0 ellipse
314 313 0.0 0.0 ellipse
315 314 0.0 0.0 ellipse
316 315 0.0 0.0 ellipse
317 316 0.0 0.0 ellipse
318 317 0.0 0.0 ellipse
319 318 0.0 0.0 ellipse
320 319 0.0 0.0 ellipse
321 320 0.0 0.0 ellipse
322 321 0.0 0.0 ellipse
323 322 0.0 0.0 ellipse
324 323 0.0 0.0 ellipse
325 324 0.0 0.0 ellipse
326 325 0.0 0.0 ellipse
327 326 0.0 0.0 ellipse
328 327 0.0 0.0 ellipse
329 328 0.0 0.0 ellipse
330 329 0.0 0.0 ellipse
331 330 0.0 0.0 ellipse
332 331 0.0 0.0 ellipse
333 332 0.0 0.0 ellipse
334 333 0.0 0.0 ellipse
335 334 0.0 0.0 ellipse
336 335 0.0 0.0 ellipse
337 336 0.0 0.0 ellipse
338 337 0.0 0.0 ellipse
339 338 0.0 0.0 ellipse
340 339 0.0 0.0 ellipse
341 340 0.0 0.0 ellipse
342 341 0.0 0.0 ellipse
343 342 0.0 0.0 ellipse
344 343 0.0 0.0 ellipse
345 344 0.0 0.0 ellipse
346 345 0.0 0.0 ellipse
347 346 0.0 0.0 ellipse
348 347 0.0 0.0 ellipse
349 348 0.0 0.0 ellipse
350 349 0.0 0.0 ellipse
351 350 0.0 0.0 ellipse
352 351 0.0 0.0 ellipse
353 352 0.0 0.0 ellipse
354 353 0.0 0.0 ellipse
355 354 0.0 0.0 ellipse
356 355 0.0 0.0 ellipse
357 356 0.0 0.0 ellipse
358 357 0.0 0.0 ellipse
359 358 0.0 0.0 ellipse
360 359 0.0 0.0 ellipse
361 360 0.0 0.0 ellipse
362 361 0.0 0.0 ellipse
363 362 0.0 0.0 ellipse
364 363 0.0 0.0 ellipse
365 364 0.0 0.0 ellipse
366 365 0.0 0.0 ellipse
367 366 0.0 0.0 ellipse
368 367 0.0 0.0 ellipse
369 368 0.0 0.0 ellipse
370 369 0.0 0.0 ellipse
371 370 0.0 0.0 ellipse
372 371 0.0 0.0 ellipse
373 372 0.0 0.0 ellipse
374 373 0.0 0.0 ellipse
375 374 0.0 0.0 ellipse
376 375 0.0 0.0 ellipse
377 376 0.0 0.0 ellipse
378 377 0.0 0.0 ellipse
379 378 0.0 0.0 ellipse
380 379 0.0 0.0 ellipse
381 380 0.0 0.0 ellipse
382 381 0.0 0.0 ellipse
383 382 0.0 0.0 ellipse
384 383 0.0 0.0 ellipse
385 384 0.0 0.0 ellipse
386 385 0.0 0.0 ellipse
387 386 0.0 0.0 ellipse
388 387 0.0 0.0 ellipse
389 388 0.0 0.0 ellipse
390 389 0.0 0.0 ellipse
391 390 0.0 0.0 ellipse
392 391 0.0 0.0 ellipse
393 392 0.0 0.0 ellipse
394 393 0.0 0.0 ellipse
395 394 0.0 0.0 ellipse
396 395 0.0 0.0 ellipse
397 396 0.0 0.0 ellipse
398 397 0.0 0.0 ellipse
399 398 0.0 0.0 ellipse
400 399 0.0 0.0 ellipse
401 400 0.0 0.0 ellipse
402 401 0.0 0.0 ellipse
403 402 0.0 0.0 ellipse
404 403 0.0 0.0 ellipse
405 404 0.0 0.0 ellipse
406 405 0.0 0.0 ellipse
407 406 0.0 0.0 ellipse
408 407 0.0 0.0 ellipse
409 408 0.0 0.0 ellipse
410 409 0.0 0.0 ellipse
411 410 0.0 0.0 ellipse
412 411 0.0 0.0 ellipse
413 412 0.0 0.0 ellipse
414 413 0.0 0.0 ellipse
415 414 0.0 0.0 ellipse
416 415 0.0 0.0 ellipse
417 416 0.0 0.0 ellipse
418 417 0.0 0.0 ellipse
419 418 0.0 0.0 ellipse
420 419 0.0 0.0 ellipse
421 420 0.0 0.0 ellipse
422 421 0.0 0.0 ellipse
423 422 0.0 0.0 ellipse
424 423 0.0 0.0 ellipse
425 424 0.0 0.0 ellipse
426 425 0.0 0.0 ellipse
427 426 0.0 0.0 ellipse
428 427 0.0 0.0 ellipse
429 428 0.0 0.0 ellipse
430 429 0.0 0.0 ellipse
431 430 0.0 0.0 ellipse
432 431 0.0 0.0 ellipse
433 432 0.0 0.0 ellipse
434 433 0.0 0.0 ellipse
435 434 0.0 0.0 ellipse
436 435 0.0 0.0 ellipse
437 436 0.0 0.0 ellipse
438 437 0.0 0.0 ellipse
439 438 0.0 0.0 ellipse
440 439 0.0 0.0 ellipse
441 440 0.0 0.0 ellipse
442 441 0.0 0.0 ellipse
443 442 0.0 0.0 ellipse
444 443 0.0 0.0 ellipse
445 444 0.0 0.0 ellipse
446 445 0.0 0.0 ellipse
447 446 0.0 0.0 ellipse
448 447 0.0 0.0 ellipse
449 448 0.0 0.0 ellipse
450 449 0.0 0.0 ellipse
451 450 0.0 0.0 ellipse
452 451 0.0 0.0 ellipse
453 452 0.0 0.0 ellipse
454 453 0.0 0.0 ellipse
455 454 0.0 0.0 ellipse
456 455 0.0 0.0 ellipse
457 456 0.0 0.0 ellipse
458 457 0.0 0.0 ellipse
459 458 0.0 0.0 ellipse
460 459 0.0 0.0 ellipse
461 460 0.0 0.0 ellipse
462 461 0.0 0.0 ellipse
463 462 0.0 0.0 ellipse
464 463 0.0 0.0 ellipse
465 464 0.0 0.0 ellipse
466 465 0.0 0.0 ellipse
467 466 0.0 0.0 ellipse
468 467 0.0 0.0 ellipse
469 468 0.0 0.0 ellipse
470 469 0.0 0.0 ellipse
471 470 0.0 0.0 ellipse
472 471 0.0 0.0 ellipse
473 472 0.0 0.0 ellipse
474 473 0.0 0.0 ellipse
475 474 0.0 0.0 ellipse
476 475 0.0 0.0 ellipse
477 476 0.0 0.0 ellipse
478 477 0.0 0.0 ellipse
479 478 0.0 0.0 ellipse
480 479 0.0 0.0 ellipse
481 480 0.0 0.0 ellipse
482 481 0.0 0.0 ellipse
483 482 0.0 0.0 ellipse
484 483 0.0 0.0 ellipse
485 484 0.0 0.0 ellipse
486 485 0.0 0.0 ellipse
487 486 0.0 0.0 ellipse
488 487 0.0 0.0 ellipse
489 488 0.0 0.0 ellipse
490 489 0.0 0.0 ellipse
491 490 0.0 0.0 ellipse
492 491 0.0 0.0 ellipse
493 492 0.0 0.0 ellipse
494 493 0.0 0.0 ellipse
495 494 0.0 0.0 ellipse
496 495 0.0 0.0 ellipse
497 496 0.0 0.0 ellipse
498 497 0.0 0.0 ellipse
499 498 0.0 0.0 ellipse
500 499 0.0 0.0 ellipse
*edges
1 290 1.0
1 409 1.0
1 15 1.0
1 250 1.0
1 146 1.0
1 246 1.0
2 290 1.0
2 365 1.0
3 119 1.0
4 290 1.0
5 140 1.0
5 15 1.0
6 290 1.0
7 231 1.0
8 15 1.0
9 360 1.0
10 100 1.0
11 500 1.0
11 246 1.0
11 442 1.0
12 281 1.0
13 282 1.0
14 59 1.0
15 290 1.0
15 282 1.0
15 414 1.0
15 197 1.0
15 68 1.0
15 135 1.0
15 271 1.0
15 210 1.0
15 321 1.0
15 500 1.0
15 224 1.0
15 246 1.0
15 133 1.0
15 22 1.0
15 204 1.0
15 99 1.0
15 448 1.0
15 194 1.0
15 365 1.0
15 287 1.0
15 350 1.0
15 119 1.0
15 212 1.0
15 436 1.0
15 139 1.0
15 100 1.0
15 126 1.0
15 248 1.0
15 112 1.0
15 137 1.0
15 401 1.0
15 250 1.0
15 146 1.0
15 195 1.0
15 443 1.0
15 323 1.0
15 280 1.0
15 138 1.0
15 147 1.0
15 498 1.0
15 314 1.0
15 164 1.0
15 205 1.0
15 157 1.0
15 87 1.0
15 63 1.0
15 392 1.0
15 295 1.0
15 431 1.0
15 298 1.0
15 434 1.0
15 479 1.0
15 499 1.0
15 116 1.0
15 89 1.0
15 363 1.0
15 118 1.0
15 336 1.0
15 307 1.0
15 485 1.0
15 370 1.0
15 59 1.0
15 464 1.0
15 76 1.0
15 33 1.0
15 428 1.0
15 276 1.0
15 379 1.0
15 84 1.0
15 186 1.0
15 445 1.0
15 243 1.0
15 450 1.0
15 75 1.0
15 442 1.0
16 250 1.0
16 246 1.0
17 250 1.0
17 239 1.0
17 168 1.0
17 100 1.0
18 76 1.0
19 482 1.0
19 89 1.0
20 59 1.0
21 290 1.0
22 440 1.0
22 174 1.0
23 100 1.0
24 164 1.0
25 152 1.0
26 74 1.0
27 262 1.0
27 156 1.0
28 300 1.0
29 290 1.0
29 274 1.0
29 287 1.0
29 246 1.0
29 365 1.0
30 53 1.0
31 445 1.0
31 250 1.0
32 246 1.0
32 99 1.0
32 340 1.0
32 204 1.0
32 380 1.0
32 131 1.0
32 265 1.0
32 63 1.0
32 290 1.0
33 164 1.0
34 204 1.0
35 100 1.0
36 290 1.0
37 195 1.0
37 246 1.0
37 122 1.0
37 325 1.0
38 75 1.0
38 365 1.0
38 116 1.0
38 290 1.0
39 487 1.0
40 487 1.0
41 295 1.0
42 99 1.0
43 304 1.0
43 69 1.0
43 246 1.0
44 290 1.0
45 295 1.0
46 331 1.0
47 210 1.0
48 436 1.0
48 281 1.0
48 470 1.0
48 246 1.0
49 80 1.0
50 290 1.0
51 457 1.0
51 162 1.0
52 164 1.0
53 494 1.0
53 407 1.0
54 100 1.0
55 298 1.0
56 246 1.0
57 300 1.0
57 311 1.0
58 97 1.0
59 76 1.0
59 290 1.0
59 250 1.0
60 290 1.0
61 137 1.0
61 179 1.0
61 290 1.0
61 246 1.0
62 210 1.0
63 468 1.0
63 433 1.0
63 243 1.0
63 290 1.0
63 335 1.0
63 365 1.0
63 100 1.0
63 76 1.0
63 138 1.0
63 168 1.0
63 250 1.0
63 427 1.0
63 246 1.0
63 234 1.0
63 443 1.0
63 448 1.0
63 253 1.0
64 100 1.0
64 440 1.0
65 204 1.0
66 445 1.0
67 450 1.0
68 250 1.0
68 326 1.0
68 440 1.0
70 290 1.0
71 265 1.0
72 204 1.0
73 424 1.0
75 290 1.0
75 246 1.0
75 250 1.0
75 365 1.0
75 481 1.0
75 379 1.0
76 361 1.0
76 178 1.0
76 448 1.0
76 246 1.0
76 437 1.0
76 415 1.0
76 195 1.0
76 100 1.0
76 204 1.0
76 438 1.0
76 290 1.0
76 454 1.0
76 355 1.0
76 432 1.0
76 89 1.0
76 137 1.0
76 317 1.0
76 253 1.0
76 213 1.0
76 434 1.0
76 476 1.0
76 139 1.0
76 146 1.0
77 290 1.0
77 248 1.0
78 246 1.0
79 290 1.0
81 360 1.0
82 416 1.0
82 250 1.0
83 467 1.0
83 290 1.0
84 166 1.0
84 204 1.0
84 287 1.0
84 290 1.0
84 180 1.0
84 195 1.0
85 389 1.0
86 290 1.0
88 290 1.0
88 246 1.0
89 250 1.0
89 246 1.0
89 481 1.0
89 379 1.0
89 485 1.0
89 466 1.0
89 204 1.0
89 290 1.0
89 443 1.0
89 478 1.0
89 305 1.0
89 409 1.0
89 333 1.0
89 266 1.0
89 188 1.0
89 98 1.0
89 380 1.0
89 100 1.0
90 204 1.0
91 413 1.0
92 414 1.0
92 100 1.0
92 246 1.0
92 436 1.0
92 365 1.0
92 290 1.0
92 435 1.0
92 204 1.0
93 480 1.0
94 195 1.0
94 447 1.0
94 99 1.0
95 250 1.0
95 318 1.0
96 290 1.0
97 246 1.0
97 411 1.0
97 290 1.0
99 210 1.0
99 290 1.0
99 100 1.0
99 246 1.0
99 250 1.0
100 442 1.0
100 246 1.0
100 480 1.0
100 290 1.0
100 162 1.0
100 219 1.0
100 287 1.0
100 204 1.0
100 129 1.0
100 365 1.0
100 260 1.0
100 448 1.0
100 146 1.0
100 414 1.0
100 267 1.0
100 136 1.0
100 195 1.0
100 432 1.0
100 249 1.0
100 133 1.0
100 326 1.0
100 139 1.0
100 288 1.0
100 427 1.0
100 450 1.0
100 250 1.0
100 207 1.0
100 370 1.0
100 498 1.0
100 233 1.0
100 135 1.0
100 451 1.0
100 312 1.0
100 283 1.0
100 317 1.0
100 434 1.0
100 436 1.0
100 137 1.0
100 210 1.0
100 438 1.0
100 282 1.0
100 380 1.0
100 430 1.0
100 295 1.0
101 244 1.0
101 106 1.0
102 493 1.0
102 290 1.0
102 362 1.0
103 290 1.0
104 195 1.0
105 420 1.0
106 195 1.0
107 246 1.0
108 481 1.0
109 246 1.0
109 210 1.0
109 290 1.0
109 204 1.0
109 267 1.0
110 366 1.0
110 246 1.0
111 440 1.0
111 137 1.0
113 246 1.0
114 271 1.0
115 290 1.0
115 423 1.0
115 418 1.0
116 376 1.0
117 258 1.0
118 432 1.0
119 373 1.0
119 362 1.0
119 290 1.0
119 433 1.0
119 250 1.0
119 246 1.0
119 440 1.0
119 436 1.0
119 195 1.0
119 413 1.0
119 204 1.0
120 434 1.0
121 290 1.0
122 246 1.0
123 246 1.0
124 246 1.0
125 290 1.0
126 306 1.0
126 218 1.0
126 179 1.0
126 436 1.0
126 290 1.0
127 282 1.0
128 248 1.0
129 250 1.0
130 436 1.0
132 290 1.0
134 290 1.0
135 290 1.0
135 500 1.0
135 365 1.0
135 246 1.0
136 250 1.0
136 265 1.0
137 246 1.0
137 440 1.0
137 416 1.0
137 290 1.0
137 492 1.0
137 429 1.0
137 261 1.0
137 250 1.0
137 287 1.0
137 306 1.0
137 195 1.0
137 410 1.0
137 299 1.0
137 436 1.0
137 442 1.0
137 308 1.0
138 457 1.0
139 360 1.0
139 484 1.0
139 290 1.0
139 246 1.0
139 267 1.0
139 445 1.0
139 470 1.0
139 320 1.0
139 250 1.0
139 253 1.0
139 334 1.0
140 246 1.0
140 290 1.0
140 300 1.0
140 440 1.0
140 292 1.0
140 177 1.0
141 290 1.0
142 211 1.0
143 245 1.0
144 290 1.0
145 290 1.0
146 448 1.0
146 261 1.0
146 272 1.0
146 290 1.0
146 245 1.0
146 202 1.0
146 246 1.0
146 416 1.0
146 204 1.0
146 149 1.0
146 226 1.0
146 271 1.0
146 365 1.0
146 250 1.0
147 204 1.0
147 350 1.0
147 434 1.0
147 195 1.0
147 179 1.0
147 312 1.0
147 225 1.0
147 273 1.0
147 290 1.0
148 250 1.0
150 158 1.0
150 290 1.0
150 415 1.0
150 178 1.0
151 277 1.0
151 481 1.0
151 290 1.0
153 246 1.0
154 290 1.0
155 267 1.0
156 389 1.0
156 204 1.0
157 271 1.0
159 170 1.0
160 448 1.0
160 442 1.0
160 436 1.0
160 169 1.0
160 290 1.0
161 290 1.0
162 265 1.0
162 210 1.0
162 290 1.0
162 369 1.0
162 245 1.0
162 267 1.0
163 290 1.0
164 290 1.0
164 389 1.0
164 189 1.0
164 360 1.0
164 341 1.0
164 434 1.0
164 253 1.0
164 246 1.0
165 290 1.0
167 290 1.0
168 463 1.0
168 290 1.0
168 441 1.0
168 460 1.0
168 448 1.0
168 416 1.0
168 491 1.0
170 362 1.0
170 290 1.0
170 277 1.0
170 210 1.0
170 267 1.0
171 290 1.0
172 358 1.0
172 482 1.0
173 265 1.0
174 440 1.0
175 204 1.0
176 445 1.0
177 263 1.0
178 353 1.0
178 290 1.0
178 454 1.0
178 246 1.0
179 397 1.0
179 246 1.0
179 414 1.0
179 290 1.0
180 316 1.0
180 246 1.0
181 436 1.0
182 246 1.0
183 195 1.0
184 448 1.0
184 246 1.0
185 246 1.0
185 368 1.0
185 290 1.0
186 250 1.0
187 220 1.0
189 290 1.0
189 246 1.0
189 204 1.0
190 402 1.0
191 290 1.0
192 195 1.0
193 385 1.0
195 204 1.0
195 495 1.0
195 389 1.0
195 290 1.0
195 287 1.0
195 443 1.0
195 246 1.0
195 303 1.0
195 481 1.0
195 358 1.0
195 308 1.0
195 385 1.0
195 448 1.0
195 259 1.0
195 485 1.0
195 365 1.0
195 412 1.0
195 321 1.0
195 223 1.0
195 226 1.0
195 414 1.0
195 299 1.0
196 434 1.0
197 290 1.0
198 290 1.0
199 250 1.0
200 421 1.0
201 290 1.0
201 229 1.0
201 241 1.0
203 252 1.0
204 308 1.0
204 344 1.0
204 290 1.0
204 246 1.0
204 450 1.0
204 250 1.0
204 210 1.0
204 484 1.0
204 332 1.0
204 365 1.0
204 280 1.0
204 221 1.0
204 226 1.0
204 477 1.0
204 346 1.0
204 302 1.0
204 277 1.0
204 379 1.0
204 440 1.0
204 287 1.0
204 296 1.0
204 359 1.0
204 348 1.0
204 253 1.0
204 487 1.0
204 217 1.0
204 265 1.0
204 417 1.0
204 273 1.0
204 271 1.0
204 443 1.0
204 436 1.0
204 493 1.0
204 482 1.0
205 281 1.0
206 246 1.0
207 293 1.0
208 290 1.0
209 290 1.0
210 443 1.0
210 325 1.0
210 240 1.0
210 445 1.0
210 400 1.0
210 290 1.0
210 416 1.0
210 250 1.0
210 365 1.0
210 442 1.0
210 288 1.0
211 290 1.0
211 443 1.0
211 213 1.0
212 486 1.0
214 246 1.0
215 250 1.0
216 246 1.0
219 481 1.0
219 432 1.0
221 432 1.0
222 246 1.0
224 436 1.0
226 450 1.0
226 434 1.0
226 246 1.0
226 355 1.0
226 290 1.0
227 325 1.0
228 436 1.0
230 275 1.0
231 246 1.0
231 495 1.0
231 271 1.0
232 290 1.0
232 245 1.0
232 267 1.0
233 246 1.0
235 360 1.0
236 487 1.0
237 436 1.0
238 471 1.0
239 290 1.0
242 377 1.0
243 290 1.0
243 246 1.0
243 287 1.0
243 482 1.0
243 414 1.0
243 250 1.0
244 246 1.0
245 250 1.0
245 246 1.0
245 463 1.0
245 301 1.0
245 436 1.0
246 290 1.0
246 360 1.0
246 475 1.0
246 440 1.0
246 326 1.0
246 445 1.0
246 285 1.0
246 436 1.0
246 482 1.0
246 259 1.0
246 454 1.0
246 250 1.0
246 287 1.0
246 485 1.0
246 416 1.0
246 435 1.0
246 370 1.0
246 295 1.0
246 423 1.0
246 265 1.0
246 398 1.0
246 421 1.0
246 473 1.0
246 389 1.0
246 428 1.0
246 479 1.0
246 267 1.0
246 493 1.0
246 356 1.0
246 309 1.0
246 303 1.0
246 351 1.0
246 443 1.0
246 275 1.0
246 442 1.0
246 391 1.0
246 447 1.0
246 261 1.0
246 269 1.0
246 253 1.0
246 379 1.0
246 483 1.0
246 413 1.0
246 382 1.0
246 471 1.0
246 425 1.0
246 394 1.0
246 319 1.0
246 430 1.0
246 271 1.0
246 396 1.0
246 448 1.0
246 453 1.0
246 362 1.0
246 353 1.0
246 434 1.0
246 254 1.0
246 386 1.0
246 340 1.0
246 308 1.0
246 294 1.0
246 414 1.0
246 422 1.0
246 249 1.0
246 432 1.0
246 272 1.0
246 474 1.0
246 320 1.0
246 324 1.0
246 470 1.0
246 365 1.0
246 376 1.0
246 415 1.0
246 427 1.0
246 380 1.0
246 397 1.0
246 313 1.0
246 255 1.0
246 409 1.0
246 403 1.0
246 481 1.0
246 439 1.0
246 486 1.0
247 254 1.0
248 250 1.0
248 290 1.0
249 290 1.0
250 290 1.0
250 384 1.0
250 282 1.0
250 486 1.0
250 434 1.0
250 375 1.0
250 436 1.0
250 271 1.0
250 489 1.0
250 443 1.0
250 314 1.0
250 251 1.0
250 463 1.0
250 286 1.0
250 416 1.0
250 450 1.0
250 469 1.0
250 425 1.0
250 399 1.0
250 295 1.0
250 482 1.0
250 414 1.0
250 454 1.0
250 363 1.0
250 426 1.0
250 395 1.0
250 380 1.0
250 291 1.0
250 365 1.0
250 253 1.0
250 413 1.0
250 287 1.0
250 487 1.0
250 308 1.0
250 440 1.0
251 382 1.0
253 450 1.0
253 442 1.0
253 290 1.0
253 265 1.0
253 487 1.0
253 270 1.0
253 436 1.0
255 405 1.0
256 414 1.0
257 351 1.0
258 440 1.0
259 425 1.0
259 279 1.0
259 329 1.0
262 413 1.0
262 442 1.0
264 450 1.0
264 265 1.0
265 290 1.0
265 453 1.0
265 388 1.0
267 381 1.0
267 288 1.0
267 284 1.0
267 290 1.0
267 389 1.0
267 493 1.0
268 444 1.0
271 317 1.0
271 331 1.0
271 326 1.0
271 277 1.0
271 467 1.0
271 290 1.0
271 440 1.0
271 365 1.0
272 448 1.0
274 388 1.0
275 290 1.0
277 423 1.0
278 473 1.0
279 290 1.0
279 458 1.0
281 377 1.0
281 326 1.0
281 290 1.0
282 327 1.0
282 486 1.0
283 308 1.0
287 290 1.0
287 365 1.0
287 353 1.0
287 300 1.0
289 430 1.0
289 313 1.0
290 442 1.0
290 436 1.0
290 317 1.0
290 405 1.0
290 486 1.0
290 439 1.0
290 372 1.0
290 360 1.0
290 380 1.0
290 450 1.0
290 366 1.0
290 487 1.0
290 430 1.0
290 443 1.0
290 461 1.0
290 334 1.0
290 295 1.0
290 341 1.0
290 452 1.0
290 449 1.0
290 343 1.0
290 427 1.0
290 497 1.0
290 419 1.0
290 320 1.0
290 413 1.0
290 454 1.0
290 322 1.0
290 493 1.0
290 293 1.0
290 349 1.0
290 379 1.0
290 423 1.0
290 428 1.0
290 404 1.0
290 440 1.0
290 310 1.0
290 357 1.0
290 365 1.0
290 308 1.0
290 403 1.0
290 389 1.0
290 447 1.0
290 371 1.0
290 328 1.0
290 318 1.0
290 409 1.0
290 448 1.0
290 388 1.0
290 353 1.0
290 433 1.0
290 332 1.0
290 337 1.0
290 382 1.0
290 347 1.0
290 352 1.0
290 312 1.0
290 393 1.0
290 348 1.0
290 338 1.0
290 367 1.0
290 414 1.0
290 482 1.0
292 450 1.0
293 299 1.0
295 448 1.0
297 458 1.0
297 438 1.0
300 459 1.0
303 364 1.0
308 316 1.0
308 383 1.0
311 493 1.0
311 492 1.0
314 354 1.0
314 421 1.0
315 450 1.0
315 443 1.0
316 436 1.0
318 463 1.0
320 487 1.0
320 442 1.0
323 360 1.0
325 443 1.0
330 443 1.0
331 487 1.0
332 414 1.0
339 379 1.0
342 434 1.0
345 495 1.0
353 430 1.0
353 450 1.0
353 443 1.0
358 465 1.0
360 380 1.0
360 402 1.0
360 414 1.0
362 481 1.0
365 389 1.0
365 385 1.0
365 414 1.0
365 500 1.0
365 417 1.0
365 499 1.0
365 482 1.0
365 487 1.0
372 380 1.0
374 380 1.0
378 428 1.0
380 448 1.0
380 443 1.0
387 389 1.0
388 421 1.0
389 462 1.0
389 396 1.0
390 403 1.0
402 416 1.0
406 495 1.0
408 434 1.0
411 456 1.0
413 443 1.0
414 436 1.0
414 481 1.0
414 443 1.0
414 442 1.0
416 448 1.0
417 436 1.0
421 487 1.0
423 443 1.0
427 434 1.0
427 436 1.0
428 496 1.0
430 467 1.0
432 443 1.0
432 460 1.0
434 488 1.0
435 495 1.0
436 443 1.0
438 472 1.0
439 493 1.0
440 494 1.0
442 471 1.0
442 443 1.0
443 455 1.0
443 450 1.0
446 467 1.0
448 490 1.0
450 464 1.0
453 475 1.0
460 471 1.0
